141
4V9D_1_Chains_1-1539    0.0000000 0.3681575 0.2993757 0.3093119 0.3204119 1.5439339 1.4544278 1.4513330 1.4585434 1.5179123 1.4503184 1.4474667 1.6015811 1.6340532 1.6110351 1.5091250 1.6504542 1.5778013 1.3354996 1.6808103 1.6632002 1.4149637 1.6388189 1.4752835 1.7060061 1.6730467 1.6023567 1.5903812 1.5827943 1.5814904 1.6527681 1.6672209 1.6097725 1.6494459 1.5599560 1.6582892 1.6823047 1.5061187 1.5901613 1.6046124 1.4729473 1.5317382 1.4969607 1.5266464 0.4110828 0.3736351 0.4037876 0.3965499 0.4345302 0.3128414 0.3278264 0.3247897 0.3410975 0.3849612 0.4434418 0.3222857 0.3259072 0.3191983 0.3288203 0.3200954 0.3037507 0.2989359 0.2907161 0.3271154 0.3635462 0.3141805 0.3021196 0.0000010 0.1277672 0.1970153 0.1330182 0.2649770 0.1019961 0.1537683 0.0269350 0.0901013 0.1776643 0.3232571 0.3311680 0.3642627 0.3252547 0.3930418 0.4034959 0.3962110 0.3823055 0.3990328 0.7405195 0.7792723 0.8485538 0.8236807 0.8303509 0.6322298 0.6238142 0.8627046 0.7491924 0.6634215 0.3294037 0.3011550 0.2814503 0.3478318 0.3202074 0.2843760 0.2972149 0.2661758 0.2785880 0.2696759 0.3527019 0.2712717 0.2860006 0.2889439 0.2534069 0.2874005 0.3273043 0.3232510 0.3515599 0.2728677 2.1946016 0.4472569 0.4830395 1.4548446 0.2559521 0.2879094 0.2367552 0.2576790 0.2449773 0.2154086 0.2057387 0.2230753 0.2159019 0.2070594 0.2966741 0.2693692 0.2638836 0.2589744 0.2945678 0.2957233 0.3217955 0.2934216 0.2739599 0.2885492 0.2979865 
cy.ic.aer_11555_1-1508  0.3681575 0.0000000 0.1402386 0.1392878 0.1452499 1.6918651 1.7289876 1.7259456 1.7118587 1.6634123 1.7160920 1.7215192 1.7671826 1.7058690 1.6683875 1.7224866 2.1082162 1.6982308 1.6002773 1.7634781 1.7388959 1.5831064 1.8145593 1.5633762 2.0320684 1.8608737 1.8931635 1.9241893 1.9143040 1.9061012 1.8220051 1.7874310 2.0027195 2.0252472 1.6882844 1.7210426 1.7441052 1.6663067 1.7917737 1.7817671 1.6824944 1.6725715 1.7315743 1.6119862 0.4588995 0.4400518 0.4188717 0.4332488 0.5154810 0.3707521 0.4010496 0.3490935 0.4237722 0.3769457 0.4864528 0.4111142 0.3579571 0.1999902 0.2120174 0.2083735 0.2043957 0.1927110 0.1845524 0.2081518 0.2838512 0.1504964 0.1821289 0.3696994 0.3740674 0.3443754 0.3397712 0.3636585 0.3701587 0.3181727 0.3504209 0.3544677 0.3043970 0.3323804 0.3558536 0.3796797 0.3698843 0.4482026 0.4869493 0.3677992 0.3600493 0.3820673 0.7421325 0.7565528 0.8927026 0.8511626 0.8720370 0.6574164 0.6780993 0.8662284 0.7034006 0.6916169 0.3194018 0.3528614 0.3126090 0.3732626 0.3230558 0.3257390 0.3431742 0.3287874 0.3231633 0.3253210 0.3533349 0.2698626 0.2961356 0.3266706 0.3183039 0.3264994 0.3416400 0.3342519 0.3147595 0.3023061 2.5453224 0.5253591 0.5464794 1.7421081 0.3074715 0.3242398 0.3145505 0.3191264 0.3357960 0.3458002 0.3510646 0.3640473 0.3147682 0.3382765 0.3361580 0.3305053 0.3173972 0.3739905 0.3846860 0.3753489 0.3609258 0.3430253 0.2944006 0.3310862 0.3536788 
cy.Osc.aga_11485_1-1463 0.2993757 0.1402386 0.0000000 0.1179292 0.0950654 1.5076610 1.5107502 1.5005403 1.5022354 1.5071523 1.5026093 1.5032578 1.5511917 1.5586249 1.5443719 1.5402397 1.7003978 1.5595646 1.3751318 1.5719207 1.4913603 1.3657273 1.6134133 1.4612653 1.6730142 1.7561894 1.6786372 1.7209989 1.7121853 1.7099945 1.5537101 1.6539841 1.5805935 1.6759954 1.5483372 1.5228032 1.5265476 1.4927220 1.5380331 1.5252535 1.4915108 1.4584039 1.5256440 1.4719073 0.4153882 0.3898040 0.3758957 0.3928630 0.4425999 0.3171875 0.3179798 0.3114498 0.3603930 0.3438890 0.4359807 0.3153724 0.3045829 0.1695292 0.1838501 0.1883256 0.1724449 0.1625685 0.1551027 0.1707427 0.2362091 0.1271751 0.1516468 0.3001948 0.3381906 0.3053620 0.2700511 0.3277493 0.3214326 0.2786846 0.2965953 0.3049926 0.2388369 0.2819861 0.2814536 0.3089291 0.3209605 0.4045435 0.3727691 0.3224082 0.3530045 0.3695910 0.6222856 0.6118297 0.7529045 0.7295633 0.7564895 0.5654383 0.5701737 0.8472033 0.6345714 0.5858604 0.3135980 0.3314596 0.2766260 0.3349916 0.2984968 0.3117352 0.3097192 0.3000126 0.2938250 0.2737085 0.2884096 0.2370839 0.2452489 0.2650751 0.2816167 0.2722136 0.2999276 0.2918135 0.2956866 0.2518560 2.2155313 0.4825505 0.5007292 1.4079547 0.2878674 0.3025220 0.2796686 0.2642716 0.2881183 0.2948934 0.2970644 0.3148027 0.2855978 0.2774437 0.2841797 0.3045140 0.2768888 0.3197534 0.3214444 0.3202899 0.3095572 0.2800108 0.2703612 0.2913012 0.3028745 
cy.Pho.ab_11477_1-1439  0.3093119 0.1392878 0.1179292 0.0000000 0.0937773 1.4414735 1.4460858 1.4463185 1.4423803 1.4118692 1.4515753 1.4374753 1.4660048 1.4209674 1.4089864 1.4155636 1.6807489 1.4553892 1.3018895 1.5019488 1.4991755 1.3159826 1.5183371 1.2968323 1.6472699 1.6346287 1.5904750 1.6213525 1.6129566 1.6013793 1.5371645 1.6180597 1.6243134 1.6382372 1.4112613 1.4876867 1.4887531 1.4267848 1.4801300 1.4637836 1.4286066 1.4187855 1.4312594 1.4162850 0.4055976 0.3848580 0.3499868 0.3780992 0.4197845 0.3298452 0.3318730 0.2979016 0.3534810 0.3300796 0.4335201 0.3517729 0.3035636 0.1736057 0.1795239 0.1852206 0.1730934 0.1610783 0.1502119 0.1574547 0.2314395 0.1156296 0.1468732 0.3093119 0.3260288 0.2900451 0.2792542 0.3159729 0.3139859 0.2775389 0.3089681 0.3116502 0.2453602 0.3038600 0.2966025 0.3325219 0.3256264 0.4400057 0.4076558 0.3153598 0.3289172 0.3454794 0.6234029 0.6272674 0.6887886 0.7203650 0.7390831 0.5583314 0.5791980 0.7735264 0.6254494 0.6229886 0.2814805 0.3105807 0.2639066 0.3228199 0.2803570 0.2818045 0.2999448 0.2945604 0.2873687 0.2729662 0.2919823 0.2425046 0.2428822 0.2622093 0.2802243 0.2630053 0.2947102 0.2837443 0.3005286 0.2556331 1.9790294 0.4600550 0.4855084 1.3466484 0.2766753 0.2599576 0.2634392 0.2576385 0.2820297 0.2847868 0.3129876 0.3068929 0.2669807 0.2788239 0.3068474 0.2988230 0.2729438 0.3287467 0.2976995 0.3080017 0.3076866 0.2991508 0.2674616 0.2787666 0.2987234 
cy.Tri.ten_11478_1-1437 0.3204119 0.1452499 0.0950654 0.0937773 0.0000000 1.4296972 1.4209118 1.4429721 1.4047131 1.4066128 1.4249663 1.4159168 1.4426848 1.4385894 1.4264619 1.4420649 1.6701892 1.4698312 1.3110811 1.4571098 1.4477121 1.3307822 1.4970732 1.3605306 1.5639218 1.6115736 1.5721612 1.6049719 1.5966712 1.6016751 1.4436608 1.5057682 1.5701068 1.5818133 1.4333796 1.5426990 1.5633082 1.4322709 1.4444146 1.4402763 1.3823507 1.4459909 1.4142186 1.4127749 0.4129436 0.3833951 0.3809576 0.3980360 0.4434398 0.3113521 0.3086187 0.3238531 0.3540328 0.3346803 0.4313581 0.3339854 0.3023399 0.1589731 0.1667461 0.1761158 0.1612130 0.1500503 0.1425114 0.1603061 0.2233333 0.1152057 0.1653955 0.3204119 0.3334133 0.2898989 0.2899650 0.3163659 0.3272853 0.2768972 0.3181400 0.3059164 0.2322349 0.2973273 0.2901519 0.3165659 0.3071890 0.4177969 0.3851845 0.3061446 0.3241405 0.3392956 0.5990946 0.5699571 0.7068044 0.7345130 0.7284636 0.5295322 0.5330717 0.7526558 0.5759370 0.5503480 0.2832560 0.3270656 0.2703680 0.3186940 0.2876514 0.2805257 0.2980224 0.2900882 0.2878696 0.2665313 0.2810226 0.2381329 0.2464171 0.2797757 0.2722421 0.2871328 0.3009616 0.2903989 0.3047317 0.2530853 2.0805652 0.4638346 0.4851054 1.4221836 0.2732585 0.2592240 0.2458770 0.2755134 0.2708751 0.2752190 0.3017561 0.3020689 0.2606709 0.2713726 0.2767411 0.3013404 0.2764211 0.3451087 0.3313031 0.3346822 0.3058733 0.3000025 0.2583808 0.2658305 0.2887414 
pl.Zea.ay_11809_1-1809  1.5439339 1.6918651 1.5076610 1.4414735 1.4296972 0.0000000 0.0540220 0.0545058 0.0543474 0.0554629 0.0532689 0.0622877 0.0706294 0.0871257 0.0845469 0.2194206 0.4202307 0.1496742 0.2086019 0.2537616 0.3106246 0.1736962 0.2235873 0.2699160 0.3417998 0.2399364 0.2303737 0.2396985 0.2379498 0.2392169 0.2323946 0.2352461 0.4384187 0.2529363 0.1881129 0.2033837 0.1962730 0.2130392 0.2039075 0.2178711 0.1861710 0.1976852 0.1901205 0.2169818 1.6607842 1.6445849 1.6514937 1.5810535 1.8955449 1.5816780 1.4561841 1.4927317 1.5984431 1.6134140 1.6968538 1.3273944 1.3961610 1.5250386 1.6221762 1.6249479 1.6219314 1.5495017 1.5636154 1.4725945 1.5517125 1.4295644 1.4666946 1.5439339 1.6470188 1.4824266 1.6360009 1.3726317 1.6132188 1.3813958 1.5445466 1.5364540 1.5943775 1.4687002 1.4985766 1.6148153 1.4627249 1.5278567 1.5406178 1.7336934 1.4269274 1.5768926 1.2063427 1.1875871 1.5606109 1.3628912 1.5573403 1.2015984 1.2551226 1.2673887 1.4557394 1.2826858 1.4296619 1.4858821 1.6131966 1.5891715 1.5413983 1.4676160 1.5995108 1.5820661 1.5167573 1.4159445 1.6203710 1.3889175 1.4964482 1.5133514 1.5641263 1.5560634 1.3893600 1.3706859 1.3890553 1.4737766 2.4647333 1.3171652 1.5007058 3.1802850 1.4850583 1.3988380 1.3526222 1.4927959 1.3589885 1.5941999 1.5255672 1.6091047 1.5620408 1.5093400 1.5589555 1.5846301 1.5094704 1.6203290 1.7166144 1.6899916 1.5528759 1.6093562 1.4520424 1.6371119 1.5425329 
pl.Pan.gin_11811_1-1811 1.4544278 1.7289876 1.5107502 1.4460858 1.4209118 0.0540220 0.0000000 0.0301711 0.0209676 0.0219658 0.0197197 0.0278023 0.0514748 0.0679855 0.0663275 0.2006471 0.4122083 0.1369848 0.1841150 0.2332941 0.3053592 0.1563312 0.2080345 0.2572830 0.3198223 0.2413690 0.2373740 0.2453267 0.2465359 0.2462735 0.2413485 0.2396828 0.4354199 0.2433498 0.1721452 0.1954737 0.1883539 0.1999738 0.1895836 0.1988585 0.1860681 0.1923739 0.1926073 0.2023430 1.6089783 1.6404007 1.6509812 1.5814482 1.8281643 1.5558758 1.4158848 1.4619497 1.5715757 1.6086346 1.6889709 1.2869791 1.3445338 1.5202950 1.6335928 1.5951874 1.5741004 1.5452679 1.5472766 1.4971990 1.4647301 1.4142696 1.4016086 1.4544278 1.5692124 1.4613699 1.5458190 1.3238659 1.5461122 1.3127000 1.4373999 1.4792837 1.5268399 1.5321655 1.5183304 1.5552456 1.4615313 1.5570343 1.5677429 1.7308667 1.4335591 1.5726033 1.1784529 1.1737025 1.5150362 1.3527302 1.4702303 1.2345724 1.2481534 1.2609472 1.4634757 1.3075213 1.3746714 1.4641071 1.5876270 1.5600629 1.5263543 1.4105637 1.5180997 1.5123069 1.4864803 1.4036721 1.6458505 1.3603090 1.4238600 1.4433618 1.5051243 1.4884660 1.3577701 1.3296034 1.3441302 1.4012152 2.3892669 1.3705271 1.5350044 2.8695976 1.4177153 1.3767164 1.3238943 1.4338942 1.3210043 1.5428741 1.5160468 1.5493453 1.5655711 1.4693163 1.5399152 1.5721849 1.4903694 1.5470433 1.6078052 1.5533664 1.4772683 1.5508619 1.4397653 1.5862376 1.4732048 
pl.Ara.tha_11804_1-1804 1.4513330 1.7259456 1.5005403 1.4463185 1.4429721 0.0545058 0.0301711 0.0000000 0.0310515 0.0265441 0.0258624 0.0341620 0.0573654 0.0699670 0.0700356 0.1973436 0.4075075 0.1390029 0.1967586 0.2297026 0.3074781 0.1595688 0.2036813 0.2571011 0.3213601 0.2453561 0.2327195 0.2411648 0.2407151 0.2404596 0.2410513 0.2352183 0.4298327 0.2424862 0.1693133 0.1938312 0.1857509 0.1985065 0.1853341 0.1946507 0.1854768 0.1947756 0.1925225 0.1943860 1.6820599 1.6111625 1.6333971 1.5513763 1.8255282 1.5578568 1.4215603 1.4321952 1.5847809 1.5969080 1.7057757 1.2824364 1.3582639 1.4970545 1.6080135 1.5935248 1.5783885 1.5343910 1.5300938 1.4730035 1.4727026 1.3843368 1.4074260 1.4513330 1.5619961 1.4670798 1.5287574 1.3309435 1.5309554 1.3081029 1.4286986 1.4790686 1.5316358 1.5005937 1.4743711 1.5069979 1.4433216 1.5633828 1.5491218 1.7823079 1.4326856 1.5600107 1.1938581 1.1415250 1.4995350 1.3263201 1.4627755 1.1999972 1.2118649 1.2565657 1.4552603 1.2931678 1.3603282 1.4457559 1.5500017 1.5777098 1.5166891 1.3968578 1.5263775 1.5141359 1.4740881 1.3797977 1.6447951 1.3608792 1.4462611 1.4311858 1.5300310 1.4785798 1.3554754 1.3483684 1.3070937 1.4159091 2.1883271 1.3672560 1.5275309 2.9789426 1.4121245 1.4015818 1.3212789 1.4269447 1.3247587 1.5512137 1.5000574 1.5504958 1.5475571 1.4695649 1.5374959 1.5206389 1.4911960 1.5680482 1.6771571 1.6110682 1.5314295 1.5909002 1.4211824 1.5642134 1.4954123 
pl.Gly.ax_11807_1-1807  1.4585434 1.7118587 1.5022354 1.4423803 1.4047131 0.0543474 0.0209676 0.0310515 0.0000000 0.0084338 0.0267727 0.0335225 0.0543429 0.0698461 0.0680829 0.2022949 0.4083527 0.1380381 0.1904061 0.2350272 0.3006705 0.1570817 0.2083423 0.2608028 0.3219862 0.2427860 0.2351915 0.2437839 0.2449853 0.2430783 0.2370287 0.2281329 0.4306553 0.2384078 0.1724551 0.1990588 0.1894353 0.1978325 0.1889479 0.1999551 0.1867696 0.1931905 0.1917171 0.1939181 1.6099553 1.6339682 1.6316912 1.5548534 1.8303241 1.5341077 1.3705229 1.4078543 1.5268603 1.5828646 1.6718557 1.2788808 1.3528518 1.4999535 1.6111184 1.5884163 1.5740434 1.5244340 1.5264608 1.4992714 1.4877297 1.3960940 1.3995257 1.4585434 1.5589318 1.4886507 1.5462702 1.2913634 1.5593908 1.3053278 1.4480345 1.4961719 1.5351594 1.5247746 1.5156479 1.5527257 1.4661327 1.5369711 1.5304831 1.6961943 1.3976927 1.5271863 1.1709684 1.1518904 1.5229250 1.3566780 1.4814587 1.1983212 1.2159084 1.2574856 1.4106137 1.2709527 1.3902806 1.4584855 1.5837607 1.5502211 1.5306938 1.4013568 1.5314477 1.5163150 1.4902569 1.3976867 1.6286548 1.3606868 1.4283634 1.4176721 1.4712979 1.4688395 1.3125938 1.2985648 1.2995846 1.3949357 2.3013831 1.3855810 1.5432429 2.8636219 1.4059632 1.3801223 1.2986263 1.4583992 1.3238964 1.5499697 1.5121287 1.5871931 1.5818047 1.5093270 1.5388048 1.5706827 1.4767267 1.5294543 1.6114377 1.5488897 1.4674953 1.5691418 1.4339959 1.5856366 1.4364966 
pl.Pis.sat_11808_1-1808 1.5179123 1.6634123 1.5071523 1.4118692 1.4066128 0.0554629 0.0219658 0.0265441 0.0084338 0.0000000 0.0281482 0.0352603 0.0528564 0.0661016 0.0676736 0.2097881 0.4341083 0.1348366 0.1942728 0.2457965 0.3104841 0.1644025 0.2061240 0.2619996 0.3415519 0.2468410 0.2507953 0.2588183 0.2583533 0.2580621 0.2356517 0.2295931 0.4360218 0.2392460 0.1800303 0.1958591 0.1909662 0.2030316 0.1968152 0.2056025 0.1884397 0.1943489 0.1992062 0.1993903 1.5831799 1.5817632 1.6464365 1.5424501 1.7761517 1.5036615 1.3529359 1.4137609 1.5367836 1.5978130 1.6629909 1.3642857 1.3487300 1.4808291 1.5798381 1.5744411 1.5576952 1.5064640 1.5153348 1.4851072 1.4747165 1.3951465 1.3912777 1.5179123 1.5586459 1.4801676 1.5358575 1.2860169 1.5283601 1.3560324 1.5167406 1.5167159 1.5539759 1.5126713 1.4999752 1.5684205 1.4311591 1.5474175 1.5133019 1.6655345 1.4133772 1.4901117 1.1845758 1.1643567 1.5950417 1.4096926 1.5663199 1.2037623 1.2406970 1.2565053 1.3669132 1.2986101 1.3590483 1.4109956 1.5689650 1.5756971 1.5302492 1.4151463 1.5341503 1.4980276 1.5045641 1.4068597 1.6067332 1.3482625 1.4525972 1.4401643 1.4677009 1.4539629 1.3626961 1.3482409 1.3460255 1.3993985 2.4255893 1.3911794 1.5498170 2.8924297 1.3998304 1.3604642 1.3508443 1.4340525 1.3012409 1.5504035 1.4848316 1.5732021 1.5195057 1.5391864 1.5766052 1.6113378 1.4431652 1.6066240 1.5800687 1.5307321 1.4538269 1.5372559 1.4021874 1.5584774 1.5051346 
pl.Lyc.esc_11800_1-1800 1.4503184 1.7160920 1.5026093 1.4515753 1.4249663 0.0532689 0.0197197 0.0258624 0.0267727 0.0281482 0.0000000 0.0103952 0.0487785 0.0611686 0.0619120 0.2011809 0.4070716 0.1374957 0.1909076 0.2319242 0.3095978 0.1517977 0.2080691 0.2625509 0.3164743 0.2388746 0.2297178 0.2383422 0.2395281 0.2383671 0.2365046 0.2285873 0.4328340 0.2358726 0.1736518 0.1974149 0.1893559 0.2025739 0.1876275 0.1983451 0.1809573 0.1916123 0.1906144 0.1971417 1.6446511 1.6389553 1.6621818 1.5819347 1.8349460 1.5630080 1.4372851 1.4300295 1.5445445 1.6041627 1.7321155 1.2968221 1.3887486 1.5268977 1.6266691 1.6112720 1.6135993 1.5517476 1.5542551 1.5010759 1.4918789 1.4024657 1.4087170 1.4503184 1.5454249 1.4658587 1.5423557 1.3228309 1.5309123 1.2931222 1.4335315 1.4893094 1.5022117 1.4940168 1.4973630 1.5351933 1.4600911 1.5506597 1.5685331 1.7310463 1.4295829 1.5987232 1.1854439 1.1607769 1.4983984 1.3397870 1.4736848 1.2292254 1.2256548 1.2565465 1.4492134 1.2866347 1.3562032 1.4290080 1.5272550 1.5285735 1.5081426 1.3817591 1.4914799 1.4827272 1.4498894 1.3662764 1.6575205 1.3621986 1.4356552 1.4387148 1.5350090 1.4934026 1.3326575 1.3130223 1.3318831 1.4073413 2.2815744 1.3712915 1.5363334 2.9370583 1.4190753 1.3799262 1.3017780 1.4502479 1.3173997 1.5404159 1.5005127 1.5276688 1.5673688 1.4603319 1.5172243 1.5296858 1.4561279 1.5305417 1.6239862 1.5613178 1.4839465 1.5405630 1.4284965 1.5769024 1.4621662 
pl.Sol.tub_11807_1-1807 1.4474667 1.7215192 1.5032578 1.4374753 1.4159168 0.0622877 0.0278023 0.0341620 0.0335225 0.0352603 0.0103952 0.0000000 0.0558072 0.0660429 0.0668079 0.2121260 0.4102847 0.1446963 0.1992587 0.2452626 0.3241004 0.1623140 0.2153966 0.2708920 0.3287891 0.2510186 0.2413160 0.2521105 0.2533452 0.2521399 0.2504242 0.2398439 0.4467072 0.2491531 0.1843569 0.2115380 0.2027132 0.2149764 0.1964492 0.2068208 0.1945383 0.2056950 0.2039143 0.2050069 1.6137621 1.6352713 1.6759596 1.5786787 1.7979741 1.5744483 1.4419961 1.4321952 1.5385552 1.5863513 1.7272908 1.2885516 1.4009301 1.5018760 1.5992174 1.5839161 1.5833202 1.5260056 1.5285064 1.4788108 1.4916931 1.4038251 1.4111634 1.4474667 1.5496453 1.4668367 1.5305177 1.3113868 1.5478129 1.2943180 1.4206063 1.4938508 1.5033891 1.5056323 1.5234259 1.5254319 1.4539223 1.5227420 1.5761666 1.7390803 1.4202255 1.5803696 1.1728080 1.1689324 1.5124599 1.3324253 1.4733599 1.2447415 1.2312646 1.2449399 1.4423112 1.2810190 1.3503170 1.4117863 1.5493285 1.5292995 1.5029982 1.3958511 1.4787598 1.4881090 1.4516466 1.3590305 1.6526324 1.3552445 1.4118124 1.4250896 1.5419532 1.4670108 1.3250022 1.3053114 1.3161340 1.3947155 2.3539927 1.3452911 1.5067551 2.9942256 1.4128358 1.3783841 1.2948303 1.4776912 1.3100458 1.5305371 1.4995621 1.5110805 1.5578217 1.4572403 1.4887143 1.5366061 1.4319052 1.5302824 1.6121449 1.5433633 1.4716689 1.5366575 1.4123577 1.5929658 1.4526367 
pl.Gin.bil_11811_1-1811 1.6015811 1.7671826 1.5511917 1.4660048 1.4426848 0.0706294 0.0514748 0.0573654 0.0543429 0.0528564 0.0487785 0.0558072 0.0000000 0.0350622 0.0340679 0.2118325 0.4498885 0.1268097 0.1951846 0.2398682 0.3283034 0.1532090 0.2080598 0.2732422 0.3408020 0.2468946 0.2343563 0.2473346 0.2450502 0.2457225 0.2310952 0.2268986 0.4536548 0.2344930 0.1775796 0.1992125 0.1901702 0.2097900 0.1887992 0.2009362 0.1887224 0.1945569 0.1957114 0.1971784 1.6673511 1.6480186 1.8041336 1.5728110 1.8438165 1.5188773 1.3769598 1.4492104 1.5721091 1.6490476 1.6761524 1.4086959 1.4019439 1.5711406 1.6857777 1.6708684 1.6610387 1.5975030 1.6155660 1.5459876 1.5965318 1.4375091 1.4576079 1.6015811 1.6044420 1.4813606 1.5748596 1.3592379 1.5812486 1.4132859 1.6065389 1.6113988 1.6217342 1.5357246 1.5272756 1.6514690 1.4887972 1.5387673 1.5327557 1.7384072 1.4910953 1.6075300 1.2319526 1.2004689 1.6691419 1.4323242 1.6388620 1.2738924 1.2825020 1.2977966 1.4037538 1.3552173 1.4220064 1.4037055 1.5970603 1.5243785 1.4955195 1.4935569 1.5664459 1.5489168 1.5707045 1.4257092 1.6830242 1.3744524 1.4816937 1.4593124 1.4962933 1.5274362 1.4587346 1.4109893 1.4681632 1.4714470 2.5777319 1.4098196 1.5798585 3.1197744 1.4315424 1.3955111 1.3963943 1.4583485 1.3260742 1.6022528 1.5059702 1.5509390 1.5516382 1.5429426 1.5596738 1.6634104 1.5327771 1.6604220 1.6711645 1.5634981 1.4685262 1.5716097 1.4316879 1.5336482 1.5980612 
pl.Pin.luc_11810_1-1810 1.6340532 1.7058690 1.5586249 1.4209674 1.4385894 0.0871257 0.0679855 0.0699670 0.0698461 0.0661016 0.0611686 0.0660429 0.0350622 0.0000000 0.0102679 0.2142966 0.4457514 0.1410430 0.1915363 0.2360877 0.3318898 0.1602740 0.2079216 0.2759566 0.3360667 0.2546582 0.2417294 0.2586009 0.2571619 0.2569608 0.2454447 0.2363668 0.4514514 0.2363294 0.1782379 0.2019327 0.1907352 0.2002882 0.1965914 0.2042094 0.1907205 0.1919822 0.1984211 0.1993481 1.7008379 1.7291302 1.8389837 1.6330229 1.7680130 1.5689156 1.4285909 1.4442010 1.6029436 1.6477503 1.6809103 1.4213532 1.4462833 1.5455046 1.6549170 1.6549047 1.6610902 1.5962210 1.6071860 1.5483711 1.5920748 1.4136003 1.4779694 1.6340532 1.6399283 1.5422596 1.6655640 1.3874774 1.6375769 1.4806925 1.6270836 1.6659070 1.6111802 1.5859154 1.5748580 1.6202839 1.4664814 1.5272525 1.5153663 1.7006783 1.5298436 1.6298644 1.2444010 1.1885803 1.6526918 1.3975918 1.6272828 1.2365684 1.2557009 1.2701474 1.4030284 1.3311665 1.3897140 1.4335863 1.5876039 1.5871417 1.5132376 1.5159988 1.5828286 1.5573436 1.5932634 1.4733151 1.7073140 1.3530556 1.4682833 1.5103899 1.5202979 1.5255850 1.4941978 1.4572774 1.4266227 1.4938509 2.4514300 1.5067395 1.6630536 3.0791704 1.4001520 1.4346600 1.3840152 1.4853725 1.3748021 1.6336909 1.5369297 1.5260954 1.5885918 1.5552324 1.5915944 1.6710872 1.5147551 1.6621005 1.6435669 1.5814051 1.4916796 1.5483405 1.4718878 1.6193114 1.6032693 
pl.Tai.cry_11811_1-1811 1.6110351 1.6683875 1.5443719 1.4089864 1.4264619 0.0845469 0.0663275 0.0700356 0.0680829 0.0676736 0.0619120 0.0668079 0.0340679 0.0102679 0.0000000 0.2140635 0.4575404 0.1381721 0.1946977 0.2372612 0.3320643 0.1610934 0.2117700 0.2827502 0.3374926 0.2605375 0.2392970 0.2551188 0.2545679 0.2534857 0.2403498 0.2331796 0.4477671 0.2395811 0.1800442 0.2061799 0.1957537 0.2068623 0.2030261 0.2107769 0.1936355 0.1956642 0.2013919 0.2016765 1.7106749 1.7224771 1.8203266 1.6281431 1.7784102 1.5821441 1.4470726 1.4097450 1.6172194 1.6157586 1.6964247 1.4021871 1.4353564 1.5556839 1.6660232 1.6576645 1.6722602 1.6068406 1.6178783 1.5365132 1.5771564 1.4260391 1.4716397 1.6110351 1.6301679 1.5281915 1.6556424 1.3863298 1.6065479 1.4703711 1.6042110 1.6280142 1.5983584 1.5423497 1.5453023 1.6187466 1.4764813 1.5224821 1.5239321 1.7098602 1.5095138 1.6289494 1.2582002 1.1913766 1.6539452 1.4224988 1.6361816 1.2481044 1.2581357 1.2528872 1.4082229 1.3301830 1.3787804 1.4475432 1.5995563 1.5782462 1.5246188 1.5015536 1.5846099 1.5559294 1.5778314 1.4467895 1.7069282 1.3236324 1.4487192 1.4774987 1.4925422 1.5332051 1.4859070 1.4492733 1.4244706 1.4673640 2.4905337 1.4963542 1.6573271 3.1592280 1.3941459 1.4046374 1.3695075 1.4608382 1.3483157 1.6290176 1.5288921 1.5108458 1.5794589 1.5477137 1.6007015 1.6506554 1.4894827 1.6901315 1.6838959 1.5941070 1.5206127 1.5540612 1.4544383 1.5619215 1.6057015 
pr.Sar.neu_11806_1-1806 1.5091250 1.7224866 1.5402397 1.4155636 1.4420649 0.2194206 0.2006471 0.1973436 0.2022949 0.2097881 0.2011809 0.2121260 0.2118325 0.2142966 0.2140635 0.0000000 0.3481316 0.1931721 0.2085031 0.2239120 0.2877768 0.2048144 0.2511282 0.2668615 0.3828264 0.3203898 0.2999872 0.3129254 0.3141272 0.3107236 0.3183083 0.2984327 0.4260127 0.3004794 0.2059533 0.2418556 0.2204525 0.2323902 0.2134790 0.2187143 0.2346081 0.2293766 0.2338408 0.2357467 1.8058515 1.6042847 1.6269085 1.6080921 1.7323749 1.6823048 1.5626420 1.5117362 1.6427872 1.6386617 1.7562807 1.2837717 1.3870727 1.5738102 1.7533036 1.6612741 1.6795820 1.6361313 1.6475255 1.6059117 1.4723223 1.3883136 1.3907550 1.5091250 1.4838154 1.4857245 1.6031916 1.3748370 1.5759440 1.3623498 1.5612331 1.5648737 1.5018311 1.6264024 1.5649728 1.5884236 1.5859376 1.5494792 1.6157953 1.8703550 1.5107340 1.6895131 1.3006187 1.2966340 1.5590098 1.3945722 1.5393750 1.2873408 1.3057023 1.3869509 1.6261175 1.4183146 1.4434096 1.4570747 1.5578935 1.5432212 1.5589439 1.5289620 1.5719375 1.5240278 1.5297062 1.4074209 1.7717106 1.4794100 1.5275218 1.5460172 1.6426585 1.5661071 1.4511112 1.4433825 1.4060295 1.5765485 2.2411921 1.5345291 1.7342586 2.7280392 1.4263810 1.5015452 1.3612106 1.3975131 1.3886773 1.4859020 1.5058594 1.4856271 1.5482816 1.5087668 1.5872456 1.6762040 1.6016013 1.5505958 1.6413586 1.6180915 1.4410083 1.5028290 1.5968522 1.6432843 1.5419922 
pr.Pla.al_12147_1-2147  1.6504542 2.1082162 1.7003978 1.6807489 1.6701892 0.4202307 0.4122083 0.4075075 0.4083527 0.4341083 0.4070716 0.4102847 0.4498885 0.4457514 0.4575404 0.3481316 0.0000000 0.4131040 0.3593487 0.3798163 0.4247868 0.3609961 0.4268025 0.4143185 0.5521628 0.5560433 0.5602301 0.5888210 0.5832367 0.5836963 0.5861661 0.5638793 0.6179133 0.5012234 0.3676809 0.4248526 0.3983989 0.3964968 0.3717325 0.3786078 0.4051631 0.3761903 0.4023620 0.3545227 1.9364179 1.6742772 1.6618706 1.6934542 2.1371491 1.7377517 1.6630853 1.7532858 1.7736094 2.0999540 2.2237668 1.6008765 1.6529225 1.8642930 2.0231235 1.9958016 2.0023453 1.8952426 1.9339218 1.7379966 1.5417645 1.5680039 1.4873764 1.6504542 1.7882477 1.6223396 1.6797622 1.5040135 1.7365425 1.5527387 1.7045238 1.7214800 1.6812702 1.8249930 1.7634714 1.5382050 1.6554811 1.7561694 1.8510294 2.0899398 1.8617528 2.0250945 1.3385463 1.3737822 1.7678047 1.6036889 1.7615502 1.3722925 1.3846766 1.4451144 1.6820625 1.5007111 1.6685291 1.8514439 1.7975880 1.9652404 1.7325947 1.8182639 1.7939649 1.7639143 1.7793033 1.7382191 1.8314604 1.6577041 1.6511471 1.6702978 1.7124557 1.7382335 1.6734572 1.6735036 1.5861526 1.6988919 1.7409322 1.6489032 2.0306673 2.4295407 1.6846718 1.7283065 1.5467505 1.5817291 1.5034437 1.8253999 1.7003030 1.8402977 1.7438932 1.7460216 1.7782766 1.9355097 1.7198012 1.7425533 1.7691070 1.8273722 1.7532454 1.7588220 1.9144656 1.7373589 1.8865542 
pr.Sti.hel_11795_1-1795 1.5778013 1.6982308 1.5595646 1.4553892 1.4698312 0.1496742 0.1369848 0.1390029 0.1380381 0.1348366 0.1374957 0.1446963 0.1268097 0.1410430 0.1381721 0.1931721 0.4131040 0.0000000 0.1981531 0.2528139 0.3420752 0.1755191 0.2369656 0.2879806 0.3845647 0.2979002 0.2860583 0.2933341 0.2911799 0.2906746 0.2861200 0.2670890 0.4671882 0.2801300 0.1951734 0.2099247 0.1984753 0.2115594 0.2099627 0.2236429 0.1986822 0.2115930 0.2012917 0.1979358 1.6903051 1.6459749 1.7018968 1.6241405 1.7562112 1.6573336 1.5146820 1.5193216 1.5761515 1.6247604 1.7083691 1.4174573 1.4253949 1.5026711 1.6634431 1.6043684 1.5530691 1.5494778 1.5716898 1.5137272 1.4602215 1.4082325 1.4534551 1.5778013 1.5988009 1.4780170 1.6079862 1.3856556 1.6097256 1.4829072 1.6082923 1.6018020 1.6195795 1.4852209 1.4662987 1.6203072 1.5272254 1.5899982 1.6071079 1.6430767 1.4450270 1.5532047 1.2774480 1.2289597 1.5766042 1.5061198 1.5538258 1.2559090 1.2975490 1.3420058 1.3921145 1.2976755 1.4854839 1.5155741 1.5898081 1.5896268 1.5520601 1.5123409 1.5469041 1.5398832 1.5028787 1.4453204 1.6643811 1.4926215 1.4678006 1.5039316 1.5636313 1.5532261 1.3983304 1.3584383 1.3877207 1.4939845 2.6743699 1.4599886 1.6453018 2.9759032 1.4604199 1.4496287 1.3967209 1.4730733 1.3863209 1.5847150 1.5649158 1.5771272 1.5647742 1.6020855 1.5607743 1.6637458 1.5051200 1.6635282 1.6966574 1.6212205 1.4974200 1.5684605 1.4398451 1.5341567 1.6057979 
pr.al.at_11811_1-1811   1.3354996 1.6002773 1.3751318 1.3018895 1.3110811 0.2086019 0.1841150 0.1967586 0.1904061 0.1942728 0.1909076 0.1992587 0.1951846 0.1915363 0.1946977 0.2085031 0.3593487 0.1981531 0.0000000 0.2131420 0.2842249 0.1841574 0.2304319 0.2271940 0.3394583 0.3214054 0.3020594 0.3193593 0.3176174 0.3158020 0.3114880 0.2917859 0.4524365 0.2660700 0.1966904 0.2232332 0.2131143 0.2166224 0.2025936 0.2136801 0.2055826 0.2035571 0.2145905 0.2106210 1.6646217 1.5398580 1.5151666 1.4540721 1.6768638 1.4827521 1.3439283 1.3365803 1.4189792 1.5617563 1.6302326 1.2539162 1.2932547 1.3598517 1.4855025 1.4107745 1.4396328 1.3942209 1.3950837 1.3404772 1.3973002 1.2685486 1.2795656 1.3372855 1.4237876 1.4102042 1.4201498 1.3025325 1.5220486 1.2619055 1.3736225 1.4571533 1.3438220 1.4141331 1.3945617 1.4527509 1.3893047 1.4606364 1.4741948 1.6289496 1.3311941 1.4853999 1.1416532 1.1205289 1.4611426 1.3143297 1.4914498 1.1620724 1.1351700 1.2337579 1.3776129 1.3003875 1.2919326 1.3428487 1.3871261 1.5009188 1.3972561 1.3280468 1.4369895 1.4396845 1.3277533 1.2777737 1.4818559 1.3010886 1.3634421 1.3535876 1.4727818 1.3719284 1.2990597 1.2668207 1.3062050 1.3615270 2.1911425 1.2978965 1.4533352 2.7022983 1.3251233 1.3494723 1.2887009 1.4183315 1.2776259 1.4396026 1.4593234 1.4806375 1.4900669 1.4236863 1.4131186 1.4782621 1.2977444 1.5087030 1.4699366 1.3774615 1.4423690 1.4194554 1.3909938 1.4788067 1.3713301 
pr.Cyc.gla_11763_1-1763 1.6808103 1.7634781 1.5719207 1.5019488 1.4571098 0.2537616 0.2332941 0.2297026 0.2350272 0.2457965 0.2319242 0.2452626 0.2398682 0.2360877 0.2372612 0.2239120 0.3798163 0.2528139 0.2131420 0.0000000 0.1996683 0.2085153 0.2337448 0.2608454 0.3498914 0.3677150 0.3376844 0.3499244 0.3476211 0.3484842 0.3435434 0.3262987 0.4758360 0.3258977 0.2121710 0.2349545 0.2195763 0.2224716 0.2165838 0.2166737 0.2279019 0.2260186 0.2178211 0.2239757 1.6738380 1.6611738 1.5875380 1.6058356 1.8197124 1.6493468 1.5902615 1.5743785 1.5196116 1.6780976 1.7680916 1.4421720 1.4283123 1.5709546 1.7230854 1.6360282 1.6154520 1.6320585 1.5763147 1.5902110 1.5388524 1.4257618 1.4739780 1.6808103 1.6109304 1.4892305 1.7101195 1.4390488 1.6823902 1.4391540 1.6918838 1.6308573 1.5371868 1.6269599 1.5875715 1.4917137 1.6414130 1.5391433 1.5664602 1.8643000 1.6341887 1.7174071 1.2718596 1.2380198 1.6637256 1.4921418 1.6018857 1.3097445 1.2183132 1.3933123 1.3970642 1.3087505 1.3889946 1.6072797 1.6289146 1.5200612 1.5192721 1.5123621 1.4934839 1.5542853 1.5931696 1.4783435 1.6199438 1.5281402 1.5115549 1.5521676 1.6634749 1.5886048 1.5091088 1.4660306 1.5211480 1.5260416 2.0387988 1.4908856 1.6601331 2.8171814 1.4158070 1.5372421 1.4082371 1.6342726 1.4050375 1.5472946 1.5251103 1.6403537 1.5506627 1.5589647 1.5848106 1.6513509 1.5578175 1.6587166 1.5771916 1.5153925 1.5130081 1.4899303 1.6478556 1.5460500 1.6030792 
pr.Tet.bor_11752_1-1752 1.6632002 1.7388959 1.4913603 1.4991755 1.4477121 0.3106246 0.3053592 0.3074781 0.3006705 0.3104841 0.3095978 0.3241004 0.3283034 0.3318898 0.3320643 0.2877768 0.4247868 0.3420752 0.2842249 0.1996683 0.0000000 0.2907253 0.3340853 0.3289083 0.4216337 0.3992733 0.3763327 0.4022849 0.4012066 0.4011974 0.4004657 0.3904930 0.5398649 0.3874859 0.2632925 0.2902252 0.2884217 0.2854437 0.2694603 0.2804892 0.3017604 0.3005452 0.3011283 0.2964824 1.5763344 1.6191282 1.5255415 1.5371632 1.7418168 1.5298805 1.4353295 1.4503471 1.5203534 1.6291955 1.7162142 1.3584757 1.3859611 1.5990424 1.7325676 1.7020061 1.6752701 1.6367893 1.6046762 1.5693109 1.6010344 1.5101571 1.4189763 1.6632002 1.7127071 1.4903813 1.7353526 1.5183563 1.7460132 1.4323814 1.6853072 1.6079193 1.5449987 1.6720212 1.6445574 1.5803387 1.6514441 1.5642199 1.5863453 1.6644618 1.5314184 1.5817878 1.3176015 1.2650019 1.5467636 1.3933205 1.5202187 1.2915925 1.3073570 1.3733917 1.5759785 1.4319977 1.3490342 1.6515434 1.5583456 1.4938513 1.5005155 1.5632463 1.5172581 1.5297898 1.4385884 1.4349822 1.6504266 1.6593816 1.7223655 1.6196575 1.7253183 1.6548499 1.5168456 1.4974240 1.5083343 1.7383323 1.7734039 1.5532557 1.7013993 2.5100217 1.4958341 1.4813378 1.3657328 1.4746162 1.4017126 1.6100540 1.5265805 1.7079366 1.5896706 1.5705889 1.6472729 1.6978499 1.5670928 1.5926935 1.7696641 1.6954427 1.5416500 1.4578299 1.8092744 1.7169767 1.5659356 
pr.Rho.sal_11762_1-1762 1.4149637 1.5831064 1.3657273 1.3159826 1.3307822 0.1736962 0.1563312 0.1595688 0.1570817 0.1644025 0.1517977 0.1623140 0.1532090 0.1602740 0.1610934 0.2048144 0.3609961 0.1755191 0.1841574 0.2085153 0.2907253 0.0000000 0.2046397 0.2204725 0.3302695 0.2868833 0.2623175 0.2682518 0.2662221 0.2657837 0.2789214 0.2621340 0.4346822 0.2481558 0.1818816 0.2043235 0.1956197 0.2131476 0.1798865 0.1878822 0.1830717 0.1941231 0.1919581 0.1819740 1.6635600 1.5998522 1.5789706 1.4118889 1.7459117 1.5248704 1.4238174 1.3999010 1.4845582 1.5408561 1.6520637 1.2402867 1.3092966 1.4189362 1.5161073 1.4845816 1.4947997 1.4483556 1.4455515 1.3951039 1.3784232 1.2841398 1.2533769 1.4149637 1.4983526 1.4472667 1.4146715 1.3253190 1.5295483 1.3004359 1.4279454 1.4983094 1.4587350 1.4328586 1.4043825 1.4300583 1.5053759 1.4670784 1.5373922 1.7657502 1.4403690 1.5704816 1.1363696 1.0854864 1.4601478 1.3677314 1.5174237 1.1600371 1.1374493 1.2849607 1.3438165 1.2023724 1.3668233 1.3397241 1.4687410 1.5001215 1.4750089 1.4385581 1.4988526 1.4833541 1.4450929 1.3702275 1.5821926 1.4048639 1.4171417 1.4401961 1.4572426 1.5016864 1.3843714 1.3712232 1.3024958 1.4344553 2.0085602 1.3221989 1.4742747 2.4321524 1.3924047 1.4304490 1.2794844 1.3822365 1.2865453 1.4551323 1.4592059 1.4289717 1.4646081 1.4227228 1.5376299 1.5675853 1.4454914 1.5178294 1.4656761 1.4078941 1.4242270 1.4467425 1.4784201 1.5085994 1.4895348 
pr.Por.aca_11844_1-1844 1.6388189 1.8145593 1.6134133 1.5183371 1.4970732 0.2235873 0.2080345 0.2036813 0.2083423 0.2061240 0.2080691 0.2153966 0.2080598 0.2079216 0.2117700 0.2511282 0.4268025 0.2369656 0.2304319 0.2337448 0.3340853 0.2046397 0.0000000 0.2709294 0.3557628 0.3141077 0.3027367 0.3093253 0.3052623 0.3103668 0.3189213 0.3031233 0.4708531 0.3014915 0.2263594 0.2448434 0.2291699 0.2383428 0.2250120 0.2317364 0.2339763 0.2238508 0.2441738 0.2364975 1.8474896 1.7855820 1.7479232 1.7057072 1.8143044 1.7093442 1.6191537 1.5677575 1.6811821 1.7231864 1.8006722 1.4930592 1.4580694 1.6285572 1.8157686 1.7542570 1.7646968 1.6962161 1.6841543 1.6629204 1.4534894 1.4779149 1.4899435 1.6388189 1.7387462 1.6603791 1.7171862 1.4746160 1.6992989 1.5721240 1.6370381 1.8137228 1.6112780 1.6140349 1.6123352 1.7376385 1.6302752 1.6056707 1.7371621 1.8924690 1.6382388 1.7600219 1.2706990 1.2751414 1.7536590 1.5577108 1.7096630 1.3010368 1.3057061 1.4618413 1.4516073 1.3350567 1.5784063 1.5671176 1.7148797 1.6960555 1.6250985 1.6335544 1.6765451 1.6759499 1.6099313 1.5527522 1.7352082 1.6024238 1.6461845 1.5963651 1.6790043 1.6154703 1.5501982 1.5293311 1.5046743 1.6019541 2.2895922 1.3975436 1.5136401 3.0384529 1.4838967 1.5372684 1.4827906 1.5780910 1.4252355 1.5859684 1.5542296 1.5485986 1.5621552 1.5680572 1.7590023 1.7212008 1.6531919 1.7788893 1.7331687 1.6978935 1.6645097 1.6662873 1.5948914 1.6321868 1.5915092 
pr.Bla.ho_11770_1-1770  1.4752835 1.5633762 1.4612653 1.2968323 1.3605306 0.2699160 0.2572830 0.2571011 0.2608028 0.2619996 0.2625509 0.2708920 0.2732422 0.2759566 0.2827502 0.2668615 0.4143185 0.2879806 0.2271940 0.2608454 0.3289083 0.2204725 0.2709294 0.0000000 0.4049478 0.3575661 0.3511327 0.3643001 0.3593777 0.3622249 0.3846481 0.3696052 0.5485799 0.3346345 0.2549435 0.3050983 0.2906622 0.3045668 0.2722065 0.2775218 0.2679486 0.2652421 0.2762806 0.2757429 1.5910727 1.5780027 1.5066448 1.4966907 1.8240008 1.5911122 1.4644741 1.4092068 1.4335804 1.5561203 1.7629928 1.2737828 1.3151953 1.4309201 1.5518583 1.4967252 1.5216406 1.4592907 1.4558693 1.3743008 1.4290960 1.3301468 1.2951338 1.4752835 1.5093383 1.3929638 1.5082247 1.2915763 1.5120484 1.3312811 1.4878105 1.5252711 1.4264075 1.4974923 1.5060733 1.3946606 1.5610434 1.4798165 1.5307376 1.7993166 1.4526529 1.5885755 1.2593414 1.2211560 1.5883746 1.4001090 1.6131918 1.1939955 1.2450691 1.2391999 1.4490354 1.3456822 1.2491465 1.3976687 1.3994581 1.3560180 1.3395964 1.3440420 1.4285988 1.3827427 1.4280626 1.3175629 1.5677403 1.3931651 1.4242564 1.4538300 1.5220252 1.5036445 1.4385594 1.4105104 1.3343681 1.4196924 2.1369366 1.3913052 1.5528385 2.8534407 1.4164955 1.4825785 1.3804243 1.3961104 1.3576482 1.5140353 1.4843225 1.5407485 1.5292033 1.4790029 1.5193377 1.4937587 1.4343752 1.6068076 1.4250718 1.4910268 1.4696692 1.4686181 1.4729416 1.4452280 1.4821649 
an.Dro.el_11995_1-1995  1.7060061 2.0320684 1.6730142 1.6472699 1.5639218 0.3417998 0.3198223 0.3213601 0.3219862 0.3415519 0.3164743 0.3287891 0.3408020 0.3360667 0.3374926 0.3828264 0.5521628 0.3845647 0.3394583 0.3498914 0.4216337 0.3302695 0.3557628 0.4049478 0.0000000 0.2718300 0.2574992 0.2721731 0.2710478 0.2709188 0.2716502 0.2709977 0.4244284 0.2470917 0.2913444 0.3522986 0.3266769 0.3144185 0.3055678 0.3069229 0.2940233 0.2834198 0.3009775 0.2899894 2.0286748 1.7919252 1.7831937 1.6834053 2.0910168 1.8129003 1.6266646 1.7365433 1.7096853 1.8782724 1.8203910 1.3920229 1.3911729 1.7217159 1.8096782 1.8095641 1.8376269 1.7331884 1.7475677 1.7245961 1.6742927 1.5320682 1.6085932 1.7060061 1.8943389 1.6657317 1.7796968 1.4571798 1.8718961 1.5597478 1.6620146 1.7803553 1.5562708 1.6264418 1.5821936 1.7727259 1.6904755 1.7607557 1.8029855 1.8493967 1.6631465 1.8259263 1.3373926 1.3432804 1.4807743 1.3990372 1.5251383 1.3461494 1.3450998 1.3627978 1.6753779 1.4427657 1.6233626 1.7336770 1.7543741 1.9065205 1.8320822 1.6832596 1.8355144 1.8602822 1.6735051 1.6801755 1.7841759 1.5390908 1.6887666 1.7617961 1.7932561 1.7014419 1.6062171 1.5924594 1.5877691 1.6353961 2.0148537 1.6603354 2.0448214 2.7040833 1.6218614 1.5157135 1.3904891 1.5531384 1.4137844 1.5895695 1.6408713 1.6843643 1.7903673 1.6124129 1.6506800 1.9117888 1.6557400 1.6346674 1.8656476 1.8200598 1.6953787 1.7287476 1.7197303 1.7923134 1.6000349 
an.La.aep_11824_1-1824  1.6730467 1.8608737 1.7561894 1.6346287 1.6115736 0.2399364 0.2413690 0.2453561 0.2427860 0.2468410 0.2388746 0.2510186 0.2468946 0.2546582 0.2605375 0.3203898 0.5560433 0.2979002 0.3214054 0.3677150 0.3992733 0.2868833 0.3141077 0.3575661 0.2718300 0.0000000 0.0763249 0.0780779 0.0782794 0.0793715 0.1512546 0.1519979 0.3775593 0.1805522 0.2464441 0.2680578 0.2585147 0.2632999 0.2558207 0.2722839 0.2395819 0.2377289 0.2521913 0.2592059 1.6724685 1.8059582 1.9210685 1.6699145 1.8757923 1.6737235 1.6593306 1.5816692 1.7634268 1.8998879 1.6749475 1.3951568 1.4670762 1.6474862 1.7819430 1.7261710 1.7769062 1.6889420 1.6917194 1.6841739 1.7857798 1.5583024 1.6268344 1.6730467 1.7785525 1.5874031 1.7116856 1.5331685 1.7210056 1.4932956 1.6648014 1.6925624 1.6295660 1.5733689 1.5984491 1.7640495 1.5188515 1.4734844 1.6058291 1.9951498 1.7549108 1.8172177 1.2525470 1.1849536 1.5178584 1.4601167 1.6075690 1.3087094 1.3282608 1.2833429 1.5032585 1.3662598 1.5164884 1.5479942 1.6721078 1.7069676 1.5940268 1.5674182 1.6886593 1.6483320 1.6139671 1.5205437 1.9113368 1.5174159 1.6033361 1.5401545 1.7097318 1.6265087 1.7021977 1.6689573 1.6507500 1.6873954 2.8797335 1.6538836 1.8789839 3.8698786 1.5915756 1.5486069 1.5772323 1.5796784 1.4949854 1.6680900 1.5815020 1.6390394 1.7025179 1.6301694 1.6714134 1.9457414 1.6169824 1.7298035 1.8339010 1.8334862 1.5910208 1.6994568 1.6090491 1.7829379 1.6879702 
an.Xen.lae_11825_1-1825 1.6023567 1.8931635 1.6786372 1.5904750 1.5721612 0.2303737 0.2373740 0.2327195 0.2351915 0.2507953 0.2297178 0.2413160 0.2343563 0.2417294 0.2392970 0.2999872 0.5602301 0.2860583 0.3020594 0.3376844 0.3763327 0.2623175 0.3027367 0.3511327 0.2574992 0.0763249 0.0000000 0.0433240 0.0428699 0.0443670 0.1529362 0.1561413 0.3733440 0.1789084 0.2338056 0.2492148 0.2417797 0.2633814 0.2377221 0.2487431 0.2330423 0.2311815 0.2348453 0.2595770 1.7548982 1.8128036 1.8030659 1.6656541 1.9534116 1.7538165 1.6939685 1.6436032 1.8888336 1.7712991 1.6010294 1.2951848 1.4779778 1.6132507 1.7521296 1.7140496 1.7748722 1.6637522 1.6812497 1.6059222 1.6962038 1.5217835 1.6245601 1.6023567 1.8349181 1.6315957 1.7533195 1.4999538 1.7712300 1.4172557 1.5840444 1.6950139 1.6328983 1.5218469 1.5649393 1.7854791 1.5259868 1.4985596 1.5955578 1.9519265 1.6778509 1.7797800 1.2016169 1.1394636 1.5137991 1.3870797 1.5435943 1.1902638 1.2145852 1.2477524 1.4262343 1.2534124 1.5014047 1.5165789 1.6576679 1.6929764 1.6193735 1.5537175 1.6657918 1.6136049 1.6133521 1.5138097 1.8518117 1.5133430 1.5288352 1.5142770 1.6701653 1.6046265 1.6443682 1.6461971 1.5361620 1.6458553 2.6226826 1.5420774 1.7483787 3.2926512 1.5937852 1.4788542 1.4376951 1.5426434 1.4622490 1.6101166 1.6298817 1.6370909 1.6923247 1.5225417 1.6910175 1.8454550 1.6212945 1.6682313 1.7988339 1.8184152 1.5644682 1.6663691 1.6093267 1.7718031 1.5564658 
