147
4V9D_1_Chains    0.0000000 0.4517342 0.3627327 0.3758860 0.3899411 2.1537007 2.0161818 2.0121002 2.0233177 2.1165574 2.0100981 2.0071397 2.2394731 2.2927513 2.2561057 2.0918842 2.3083565 2.2047577 1.8323481 2.3626774 2.3378208 1.9532229 2.2965746 2.0478169 2.8980861 2.3907868 2.3523858 2.2360479 2.2177692 2.2060995 2.2033717 2.3293932 2.3480330 2.2595328 2.3174585 2.1666780 2.3344095 2.3686096 2.0951521 2.2210811 2.2408148 2.0359187 2.1315423 2.0750829 2.1240221 0.5069880 0.4580028 0.4975388 0.4881022 0.5389844 0.3794832 0.3983923 0.3944614 0.4152978 0.4751002 0.5514893 0.3917900 0.3966749 0.3878482 0.4004367 0.3889752 0.3677857 0.3619951 0.3516662 0.3980799 0.4441609 0.3812594 0.3657331 0.0000010 0.1494774 0.2344535 0.1557625 0.3188412 0.1188440 0.1810561 0.0308937 0.1045241 0.2103382 0.3936989 0.4030967 0.4451135 0.3952293 0.4837112 0.4974124 0.4886873 0.4702469 0.4920429 0.9590294 1.0151430 1.1149976 1.0779811 1.0867494 0.8086134 0.7970518 1.1344772 0.9746732 0.8528557 0.4008221 0.3648589 0.3395816 0.4251333 0.3892000 0.3434090 0.3597908 0.3201290 0.3355602 0.3241916 0.4310583 0.3263317 0.3453246 0.3487015 0.3038864 0.3464612 0.3971003 0.3920158 0.4292809 0.3287064 4.6662909 3.5967478 2.9057842 3.3009777 3.7690831 3.1660086 0.6036673 0.5556411 2.0398395 0.3080771 0.3491154 0.2838365 0.3092823 0.2943876 0.2574073 0.2451672 0.2669616 0.2581760 0.2471331 0.3588289 0.3241941 0.3176244 0.3110496 0.3562024 0.3577419 0.3909912 0.3547848 0.3304628 0.3490319 0.3610766 
cy.ic.aer_11555  0.4517342 0.0000000 0.1646571 0.1632751 0.1705537 2.3791910 2.4350041 2.4319323 2.4098391 2.3360859 2.4166113 2.4238931 2.4954148 2.4010981 2.3416535 2.4204394 3.0211457 2.3945355 2.2357675 2.4924405 2.4582808 2.2156416 2.5770534 2.1831022 3.0631566 2.8971309 2.6431125 2.6938760 2.7391498 2.7236076 2.7086008 2.5890027 2.5313977 2.8737480 2.9026595 2.3737623 2.4305892 2.4608496 2.3435179 2.5365123 2.5179713 2.3669662 2.3495794 2.4485378 2.2695480 0.5709383 0.5461578 0.5178450 0.5365880 0.6476509 0.4541602 0.4937403 0.4253828 0.5226202 0.4631825 0.6091529 0.5076678 0.4387445 0.2367102 0.2517372 0.2471479 0.2421321 0.2278429 0.2178727 0.2470022 0.3411300 0.1767677 0.2145030 0.4537342 0.4592605 0.4208453 0.4144608 0.4460977 0.4541212 0.3868777 0.4287895 0.4334800 0.3693479 0.4049510 0.4348200 0.4651102 0.4533400 0.5571068 0.6099293 0.4506192 0.4402389 0.4689854 0.9646988 0.9862429 1.1808496 1.1198444 1.1468392 0.8448398 0.8747569 1.1414556 0.9109713 0.8937339 0.3871900 0.4306314 0.3785764 0.4572071 0.3926835 0.3956781 0.4183303 0.3995418 0.3921833 0.3954810 0.4309904 0.3249161 0.3582161 0.3970429 0.3864391 0.3964988 0.4156639 0.4062658 0.3811895 0.3657448 5.4862662 4.1005632 3.3639080 4.0752173 4.2806171 3.7155089 0.6891887 0.6601674 2.4862380 0.3738072 0.3951240 0.3826278 0.3884341 0.4100398 0.4232942 0.4298945 0.4464319 0.3830905 0.4133019 0.4098075 0.4026383 0.3856836 0.4578172 0.4717536 0.4598197 0.4413940 0.4179056 0.3564617 0.4031698 0.4323624 
cy.Osc.aga_11485 0.3627327 0.1646571 0.0000000 0.1378403 0.1106681 2.0986701 2.1036441 2.0882020 2.0909568 2.1003842 2.0905855 2.0916192 2.1631273 2.1764953 2.1546428 2.1446476 2.3867114 2.1808569 1.8945903 2.1914853 2.0686329 1.8856612 2.2610161 2.0269073 2.5657201 2.3429324 2.4801981 2.3610275 2.4291653 2.4151724 2.4109954 2.1772109 2.3310067 2.2224938 2.3632485 2.1596306 2.1232411 2.1244936 2.0750813 2.1463414 2.1265075 2.0718293 2.0236245 2.1259822 2.0493930 0.5131876 0.4796742 0.4614761 0.4833843 0.5499527 0.3849944 0.3855545 0.3773424 0.4392977 0.4197743 0.5413788 0.3831862 0.3696104 0.1994801 0.2172074 0.2224095 0.2031174 0.1912165 0.1821583 0.2012516 0.2812137 0.1486998 0.1779106 0.3637813 0.4126242 0.3704564 0.3254442 0.3988512 0.3909913 0.3365063 0.3593992 0.3701675 0.2860812 0.3403343 0.3392449 0.3735364 0.3898409 0.4987520 0.4574911 0.3920969 0.4311216 0.4529502 0.7955092 0.7815725 0.9773085 0.9447535 0.9812300 0.7171228 0.7234696 1.1141600 0.8134638 0.7453128 0.3799038 0.4032399 0.3328633 0.4076388 0.3611017 0.3778893 0.3754096 0.3627662 0.3552408 0.3294062 0.3475186 0.2833861 0.2936835 0.3187337 0.3395538 0.3274435 0.3623847 0.3523197 0.3571092 0.3017895 4.2867417 3.4268830 2.9471555 3.3803618 3.6079985 3.2177360 0.6272478 0.6025900 1.9643198 0.3481856 0.3671610 0.3375969 0.3182649 0.3481387 0.3574336 0.3601390 0.3829179 0.3452824 0.3353588 0.3428077 0.3687779 0.3335112 0.3875229 0.3903164 0.3889310 0.3750233 0.3373170 0.3257342 0.3520057 0.3668606 
cy.Pho.ab_11477  0.3758860 0.1632751 0.1378403 0.0000000 0.1090375 2.0010103 2.0096791 2.0099675 2.0035321 1.9582260 2.0166415 1.9965781 2.0381133 1.9694055 1.9509497 1.9568217 2.3544220 2.0255487 1.7831420 2.0880053 2.0865413 1.8115362 2.1225155 1.7807623 2.4291008 2.3094914 2.2958708 2.2262124 2.2749100 2.2616423 2.2433702 2.1534405 2.2763801 2.2886557 2.3075396 1.9525753 2.0741888 2.0694733 1.9782533 2.0612866 2.0332144 1.9764408 1.9661038 1.9869694 1.9652948 0.4998729 0.4734515 0.4274070 0.4639047 0.5187404 0.4011272 0.4033682 0.3594094 0.4301937 0.4014247 0.5380958 0.4299910 0.3684500 0.2043221 0.2117772 0.2185374 0.2038108 0.1892405 0.1761564 0.1849798 0.2751466 0.1347665 0.1718381 0.3758860 0.3969568 0.3504723 0.3372371 0.3839056 0.3812879 0.3343992 0.3754199 0.3785628 0.2938713 0.3676794 0.3579459 0.4037493 0.3954159 0.5460609 0.5035043 0.3822638 0.3994180 0.4210377 0.7968347 0.8030676 0.8884202 0.9337821 0.9582374 0.7070909 0.7358035 1.0097696 0.8013498 0.7976378 0.3385777 0.3760044 0.3165797 0.3915163 0.3375648 0.3395797 0.3629325 0.3557206 0.3468834 0.3284987 0.3521367 0.2894698 0.2901733 0.3145312 0.3377752 0.3152178 0.3553686 0.3416383 0.3627106 0.3056376 4.2363418 3.3598706 2.6504686 3.0435214 3.2120334 2.8404101 0.6067140 0.5723468 1.8729818 0.3335716 0.3124867 0.3170739 0.3097286 0.3405697 0.3441213 0.3801189 0.3716866 0.3213672 0.3366901 0.3714200 0.3613061 0.3286079 0.3986874 0.3596507 0.3725245 0.3721828 0.3612417 0.3216910 0.3353637 0.3618339 
cy.Tri.ten_11478 0.3899411 0.1705537 0.1106681 0.1090375 0.0000000 1.9779891 1.9664831 2.0007733 1.9407208 1.9450320 1.9715879 1.9582316 1.9974912 1.9896820 1.9710810 1.9929661 2.3356964 2.0445253 1.7919032 2.0170431 2.0055729 1.8297206 2.0853319 1.8735658 2.6371022 2.1750263 2.2594477 2.1991394 2.2480107 2.2349130 2.2423801 2.0058826 2.1001733 2.2008506 2.2125430 1.9815431 2.1564371 2.1811377 1.9818363 2.0027054 1.9934536 1.9028827 2.0035304 1.9560624 1.9572892 0.5096825 0.4710774 0.4677558 0.4898380 0.5504490 0.3770851 0.3735919 0.3930160 0.4310652 0.4079052 0.5352779 0.4070738 0.3671427 0.1867118 0.1963719 0.2075971 0.1895023 0.1760684 0.1669533 0.1885651 0.2649559 0.1343808 0.1942425 0.3899411 0.4068815 0.3502726 0.3505312 0.3836352 0.3984642 0.3339397 0.3869965 0.3712547 0.2781276 0.3596230 0.3503740 0.3829194 0.3718924 0.5159635 0.4733255 0.3710636 0.3932115 0.4128016 0.7629131 0.7229715 0.9123373 0.9526784 0.9429633 0.6673302 0.6721031 0.9792802 0.7316937 0.6963278 0.3410908 0.3973538 0.3246106 0.3864543 0.3471017 0.3379353 0.3601544 0.3499782 0.3474598 0.3202367 0.3382180 0.2843132 0.2948530 0.3369187 0.3274503 0.3459006 0.3628885 0.3496737 0.3673972 0.3030713 4.2900109 3.2635053 2.6304176 3.0484406 3.1510862 3.0110045 0.6066368 0.5778625 1.9916767 0.3293258 0.3115007 0.2946152 0.3314743 0.3258131 0.3322313 0.3663326 0.3658871 0.3135550 0.3272659 0.3334386 0.3646712 0.3327758 0.4199319 0.4029536 0.4072259 0.3701159 0.3624348 0.3103397 0.3194065 0.3484346 
pl.Zea.ay_11809  2.1537007 2.3791910 2.0986701 2.0010103 1.9779891 0.0000000 0.0622594 0.0627978 0.0626066 0.0638903 0.0613966 0.0719205 0.0817021 0.1011036 0.0980593 0.2613019 0.5181011 0.1759316 0.2478197 0.3046150 0.3766002 0.2052137 0.2669931 0.3248930 0.8067622 0.4156926 0.2869543 0.2750233 0.2868824 0.2846659 0.2862660 0.2776771 0.2813958 0.5429619 0.3035848 0.2227847 0.2416236 0.2328244 0.2535226 0.2422626 0.2594400 0.2202617 0.2344611 0.2251326 0.2586101 2.3247503 2.3019685 2.3164021 2.2076995 2.6953947 2.2048642 2.0168257 2.0760849 2.2362488 2.2534971 2.3833338 1.8319656 1.9255133 2.1263900 2.2711625 2.2758296 2.2700995 2.1628741 2.1829420 2.0344127 2.1640039 1.9753229 2.0402379 2.1537007 2.3131928 2.0602467 2.2944969 1.8989698 2.2614804 1.9110925 2.1523161 2.1447431 2.2381445 2.0340463 2.0832501 2.2563622 2.0347700 2.1230791 2.1455105 2.4514664 1.9771737 2.2099829 1.6495346 1.6205889 2.1809689 1.8797960 2.1693942 1.6380880 1.7158180 1.7306447 2.0276627 1.7637681 1.9803743 2.0667908 2.2532639 2.2256270 2.1534448 2.0413101 2.2428022 2.2173715 2.1106466 1.9535674 2.2589755 1.9120439 2.0801431 2.1065650 2.1756568 2.1718618 1.9067628 1.8771861 1.9157668 2.0400786 4.8096516 5.6364188 3.9374592 4.5665113 4.3857572 3.5708846 2.0828423 1.8047785 4.6787175 2.0738713 1.9341484 1.8603224 2.0923013 1.8740035 2.2296560 2.1274436 2.2483057 2.1808686 2.1063160 2.1775055 2.2269911 2.1028831 2.2611835 2.4159027 2.3742589 2.1708561 2.2590820 2.0247201 2.2972325 2.1499981 
pl.Pan.gin_11811 2.0161818 2.4350041 2.1036441 2.0096791 1.9664831 0.0622594 0.0000000 0.0345752 0.0239882 0.0251309 0.0225639 0.0318636 0.0592233 0.0784732 0.0765568 0.2376985 0.5072493 0.1605597 0.2175296 0.2786359 0.3692358 0.1839596 0.2472194 0.3089092 0.8003165 0.3870609 0.2884421 0.2834070 0.2935335 0.2950072 0.2946223 0.2882857 0.2863138 0.5385176 0.2912621 0.2031348 0.2315490 0.2228256 0.2368489 0.2242577 0.2355881 0.2198664 0.2275866 0.2279122 0.2402438 2.2483260 2.2962674 2.3132456 2.2089373 2.5968904 2.1652790 1.9576864 2.0309779 2.1920343 2.2479279 2.3746957 1.7688822 1.8456938 2.1218591 2.2919794 2.2324815 2.1963964 2.1590669 2.1613986 2.0749174 2.0307731 1.9534257 1.9379890 2.0161818 2.1944706 2.0272963 2.1586862 1.8263958 2.1612895 1.8073318 1.9880183 2.0552333 2.1360727 2.1323498 2.1112413 2.1676851 2.0362403 2.1697109 2.1957943 2.4495989 1.9886241 2.2060899 1.6092650 1.6042593 2.1096381 1.8634193 2.0374642 1.6868507 1.7068648 1.7231010 2.0432313 1.8063485 1.8948107 2.0358230 2.2158462 2.1854747 2.1318629 1.9545734 2.1200877 2.1121470 2.0635888 1.9351626 2.3003082 1.8693773 1.9693112 2.0026852 2.0905294 2.0689793 1.8592164 1.8166952 1.8468143 1.9309848 4.5581630 5.4013686 3.8496843 4.4103268 4.2378417 3.4622094 2.1394547 1.8889407 4.1839301 1.9722571 1.9058017 1.8184300 2.0025841 1.8192898 2.1514966 2.1152909 2.1593145 2.1904513 2.0443327 2.1501755 2.2103330 2.0755154 2.1485458 2.2522657 2.1671006 2.0585261 2.1693009 2.0081890 2.2191870 2.0434142 
pl.Ara.tha_11804 2.0121002 2.4319323 2.0882020 2.0099675 2.0007733 0.0627978 0.0345752 0.0000000 0.0355729 0.0303849 0.0296135 0.0391837 0.0660852 0.0807932 0.0808868 0.2338242 0.5011862 0.1630271 0.2329193 0.2741526 0.3718220 0.1878663 0.2419297 0.3087982 0.7981316 0.3891668 0.2933829 0.2776451 0.2883298 0.2877693 0.2873948 0.2880789 0.2810022 0.5311643 0.2903796 0.1997497 0.2295413 0.2196247 0.2351462 0.2191874 0.2305859 0.2191733 0.2304754 0.2278039 0.2304727 2.3615404 2.2497728 2.2851951 2.1627075 2.5904518 2.1651713 1.9636559 1.9825876 2.2125272 2.2308549 2.3992074 1.7630389 1.8674773 2.0864360 2.2529158 2.2309144 2.2045688 2.1434338 2.1356310 2.0374194 2.0414038 1.9077661 1.9472013 2.0121002 2.1810711 2.0358073 2.1333838 1.8382571 2.1384559 1.8002715 1.9755696 2.0580661 2.1414096 2.0829846 2.0432520 2.0947020 2.0058491 2.1814525 2.1657720 2.5248260 1.9833971 2.1825359 1.6334158 1.5526690 2.0844847 1.8234028 2.0246710 1.6338771 1.6520788 1.7168726 2.0295090 1.7821827 1.8737101 2.0064520 2.1559255 2.2093138 2.1159718 1.9307667 2.1315608 2.1133024 2.0427695 1.8978066 2.2955167 1.8693040 2.0049319 1.9838252 2.1257429 2.0542649 1.8561997 1.8445319 1.7912953 1.9540428 4.4452973 5.5076833 3.8560474 4.4824057 4.1984344 3.1509308 2.1283975 1.8850349 4.3590059 1.9632299 1.9436003 1.8143213 1.9927973 1.8240811 2.1652153 2.0909684 2.1596198 2.1625951 2.0457968 2.1459539 2.1280865 2.0753039 2.1804909 2.3584378 2.2549371 2.1414782 2.2314213 1.9774008 2.1863813 2.0782633 
pl.Gly.ax_11807  2.0233177 2.4098391 2.0909568 2.0035321 1.9407208 0.0626066 0.0239882 0.0355729 0.0000000 0.0096260 0.0306553 0.0384363 0.0625539 0.0806526 0.0785948 0.2397130 0.5023127 0.1618162 0.2251941 0.2808565 0.3633313 0.1847890 0.2475388 0.3133797 0.7956910 0.3899501 0.2901919 0.2806775 0.2915116 0.2929746 0.2905750 0.2829205 0.2720209 0.5323468 0.2851778 0.2034588 0.2359210 0.2241428 0.2343029 0.2234944 0.2369747 0.2206895 0.2285610 0.2268128 0.2299251 2.2465361 2.2840916 2.2810795 2.1655055 2.5973765 2.1298106 1.8859763 1.9462574 2.1216919 2.2069610 2.3464732 1.7572981 1.8594847 2.0893359 2.2561636 2.2214810 2.1961966 2.1259288 2.1281244 2.0771151 2.0647143 1.9244220 1.9347346 2.0233177 2.1791373 2.0707681 2.1598664 1.7762015 2.1835409 1.7966972 2.0059602 2.0836100 2.1493502 2.1206384 2.1063695 2.1637549 2.0429751 2.1375262 2.1359528 2.3923762 1.9317296 2.1325020 1.5962902 1.5694043 2.1203633 1.8673950 2.0540624 1.6313565 1.6561771 1.7164609 1.9598623 1.7483650 1.9184274 2.0255325 2.2102805 2.1699468 2.1387996 1.9402097 2.1408804 2.1186362 2.0696350 1.9261459 2.2720818 1.8698162 1.9759393 1.9615190 2.0364100 2.0389389 1.7910178 1.7688670 1.7789498 1.9212024 4.5803613 5.4589063 3.7452076 4.3989365 4.0780390 3.3244599 2.1518647 1.9114150 4.1760692 1.9538658 1.9104815 1.7795426 2.0422980 1.8234847 2.1633084 2.1102054 2.2193035 2.2156246 2.1084552 2.1478681 2.2069150 2.0544629 2.1193472 2.2548591 2.1574256 2.0403089 2.1963299 1.9981661 2.2168110 1.9862049 
pl.Pis.sat_11808 2.1165574 2.3360859 2.1003842 1.9582260 1.9450320 0.0638903 0.0251309 0.0303849 0.0096260 0.0000000 0.0322378 0.0404411 0.0608219 0.0762847 0.0781038 0.2490310 0.5363201 0.1579893 0.2299454 0.2942504 0.3758091 0.1937101 0.2448882 0.3150026 0.8249569 0.4150949 0.2953225 0.3001284 0.3104004 0.3098185 0.3093909 0.2812667 0.2738925 0.5396054 0.2862414 0.2127289 0.2319441 0.2259568 0.2407524 0.2331893 0.2440183 0.2227329 0.2300062 0.2359458 0.2366631 2.2079362 2.2061137 2.3050657 2.1475445 2.5106675 2.0846107 1.8587853 1.9558345 2.1391392 2.2319496 2.3345802 1.8887812 1.8531404 2.0616283 2.2091656 2.2013891 2.1723763 2.0997814 2.1130380 2.0565195 2.0493734 1.9259171 1.9254703 2.1165574 2.1799273 2.0585795 2.1465521 1.7695436 2.1348044 1.8745220 2.1128963 2.1174538 2.1789445 2.1041221 2.0841738 2.1899511 1.9896768 2.1573497 2.1107907 2.3471652 1.9575117 2.0758736 1.6175680 1.5878883 2.2338237 1.9518555 2.1864488 1.6421013 1.6958530 1.7175942 1.8960835 1.7927208 1.8728251 1.9546298 2.1890534 2.2116416 2.1395083 1.9610907 2.1447789 2.0908328 2.0932752 1.9433127 2.2403993 1.8510312 2.0168508 1.9975038 2.0329567 2.0179260 1.8671616 1.8454135 1.8513407 1.9304754 4.4307533 5.6940910 4.0851962 4.5826233 4.3819490 3.5177095 2.1646229 1.9234394 4.2241335 1.9454566 1.8807623 1.8600102 2.0037433 1.7894399 2.1653898 2.0702754 2.1990982 2.1216421 2.1575965 2.2084690 2.2710917 2.0015847 2.2418200 2.2090683 2.1318690 2.0220847 2.1490303 1.9505785 2.1783517 2.0927611 
pl.Lyc.esc_11800 2.0100981 2.4166113 2.0905855 2.0166415 1.9715879 0.0613966 0.0225639 0.0296135 0.0306553 0.0322378 0.0000000 0.0118768 0.0561183 0.0705461 0.0714411 0.2385497 0.5004615 0.1611323 0.2258475 0.2769090 0.3742942 0.1784472 0.2472523 0.3156357 0.7870093 0.3828701 0.2852534 0.2738627 0.2847451 0.2861868 0.2846993 0.2824120 0.2727534 0.5352872 0.2820028 0.2049685 0.2338826 0.2239982 0.2400461 0.2220116 0.2350793 0.2137128 0.2267290 0.2255502 0.2338695 2.3026223 2.2937484 2.3302410 2.2100343 2.6064111 2.1732713 1.9888280 1.9803012 2.1482940 2.2408434 2.4420848 1.7846956 1.9142023 2.1327145 2.2813132 2.2581293 2.2588540 2.1698338 2.1728022 2.0803104 2.0701453 1.9348594 1.9474216 2.0100981 2.1567785 2.0327274 2.1538768 1.8240676 2.1394171 1.7766723 1.9830105 2.0721885 2.0958917 2.0731878 2.0775441 2.1373734 2.0340223 2.1596277 2.1958727 2.4457287 1.9798819 2.2444263 1.6190524 1.5833253 2.0840569 1.8431709 2.0430795 1.6794582 1.6715377 1.7158666 2.0217049 1.7721803 1.8671947 1.9815240 2.1232043 2.1355619 2.1017557 1.9096833 2.0790159 2.0653068 2.0065781 1.8762726 2.3139533 1.8716492 1.9870401 1.9942742 2.1345198 2.0779865 1.8211442 1.7902944 1.8280190 1.9403885 4.7171890 5.3185735 3.6978758 4.3491374 4.0211311 3.2953686 2.1402176 1.8890202 4.2936814 1.9738215 1.9098138 1.7843742 2.0282716 1.8129172 2.1477174 2.0918568 2.1265934 2.1933720 2.0304987 2.1145073 2.1422063 2.0209583 2.1228506 2.2739410 2.1760142 2.0660507 2.1514652 1.9895423 2.2015466 2.0267773 
pl.Sol.tTb_11807 2.0071397 2.4238931 2.0916192 1.9965781 1.9582316 0.0719205 0.0318636 0.0391837 0.0384363 0.0404411 0.0118768 0.0000000 0.0643000 0.0762368 0.0771609 0.2519982 0.5047000 0.1698240 0.2360842 0.2937627 0.3929812 0.1912307 0.2562078 0.3259131 0.8389360 0.3986488 0.3005505 0.2883963 0.3020616 0.3035704 0.3020182 0.2999169 0.2868448 0.5536846 0.2987316 0.2181186 0.2513370 0.2404561 0.2553681 0.2327911 0.2455228 0.2304310 0.2441068 0.2419424 0.2435935 2.2578483 2.2881799 2.3519448 2.2058720 2.5512253 2.1902411 1.9951792 1.9850202 2.1407596 2.2141402 2.4354307 1.7721679 1.9320499 2.0948909 2.2396099 2.2165858 2.2134542 2.1307757 2.1337472 2.0473631 2.0711526 1.9370290 1.9524351 2.0071397 2.1653393 2.0350682 2.1378495 1.8068794 2.1669956 1.7792630 1.9652790 2.0810851 2.0986267 2.0904146 2.1189012 2.1233016 2.0251769 2.1178797 2.2081675 2.4587827 1.9661721 2.2162894 1.6002575 1.5966438 2.1060062 1.8320749 2.0427952 1.7039327 1.6804229 1.6983658 2.0110521 1.7636805 1.8582226 1.9544458 2.1580650 2.1370029 2.0951405 1.9318608 2.0607492 2.0746408 2.0092367 1.8657459 2.3056117 1.8612210 1.9511698 1.9745594 2.1457157 2.0380312 1.8100739 1.7791763 1.8049298 1.9211243 4.6985261 5.6407814 3.9089754 4.4639832 4.1220218 3.4046774 2.0957285 1.8502243 4.3841248 1.9664917 1.9078575 1.7740690 2.0728191 1.8019371 2.1339976 2.0897172 2.1024649 2.1799100 2.0256626 2.0713794 2.1541473 1.9852796 2.1217861 2.2556913 2.1480839 2.0476859 2.1456520 1.9650269 2.2265649 2.0138808 
pl.Gin.bil_11811 2.2394731 2.4954148 2.1631273 2.0381133 1.9974912 0.0817021 0.0592233 0.0660852 0.0625539 0.0608219 0.0561183 0.0643000 0.0000000 0.0402211 0.0390836 0.2519149 0.5572968 0.1484851 0.2310345 0.2870659 0.3985064 0.1803322 0.2473206 0.3291476 0.8329498 0.4141544 0.2954500 0.2798023 0.2961477 0.2933006 0.2940920 0.2758785 0.2708056 0.5632181 0.2803716 0.2099141 0.2362037 0.2251281 0.2491065 0.2236165 0.2384473 0.2233599 0.2304474 0.2319119 0.2342102 2.3339263 2.3030270 2.5473431 2.1907843 2.6109859 2.1019315 1.8911471 2.0063255 2.1871294 2.3078824 2.3523104 1.9541273 1.9322172 2.1957411 2.3678660 2.3449735 2.3269319 2.2353317 2.2627224 2.1455897 2.2354781 1.9873949 2.0229494 2.2394731 2.2447573 2.0546406 2.2010378 1.8767290 2.2123491 1.9553998 2.2457154 2.2611887 2.2776116 2.1355081 2.1236995 2.3159096 2.0744765 2.1392032 2.1388916 2.4576085 2.0729086 2.2535956 1.6917637 1.6434948 2.3437552 1.9830313 2.2936493 1.7485913 1.7585217 1.7763371 1.9514580 1.8776989 1.9629747 1.9379518 2.2282259 2.1247805 2.0830148 2.0786680 2.1908443 2.1642102 2.1923874 1.9669876 2.3533308 1.8870666 2.0558330 2.0216443 2.0711224 2.1263077 2.0133009 1.9392090 2.0361838 2.0355197 4.5062015 6.0866007 4.2503929 4.8338619 4.4937443 3.7612456 2.2056570 1.9482179 4.5741035 1.9912883 1.9303758 1.9271746 2.0377405 1.8245510 2.2388181 2.0965206 2.1563443 2.1662600 2.1543895 2.1792767 2.3492820 2.1367267 2.3190609 2.3474876 2.1784635 2.0413440 2.1983465 1.9923484 2.1356478 2.2329281 
pl.Pin.lTc_11810 2.2927513 2.4010981 2.1764953 1.9694055 1.9896820 0.1011036 0.0784732 0.0807932 0.0806526 0.0762847 0.0705461 0.0762368 0.0402211 0.0000000 0.0117217 0.2549959 0.5517102 0.1653411 0.2265803 0.2823685 0.4032968 0.1887584 0.2470797 0.3325987 0.8670370 0.4081924 0.3052030 0.2889563 0.3102038 0.3083842 0.3081037 0.2937863 0.2826729 0.5603804 0.2826165 0.2106303 0.2393490 0.2257020 0.2372518 0.2330489 0.2424377 0.2256925 0.2272545 0.2350930 0.2364751 2.3850958 2.4302941 2.5989912 2.2874013 2.4943885 2.1778562 1.9695109 1.9979249 2.2333854 2.3059348 2.3588591 1.9737914 2.0002206 2.1598052 2.3250578 2.3239785 2.3312620 2.2376726 2.2536700 2.1504243 2.2247616 1.9523807 2.0584231 2.2927513 2.3013653 2.1483581 2.3441768 1.9201370 2.3020553 2.0607564 2.2815333 2.3488268 2.2597013 2.2125475 2.1977736 2.2720429 2.0383135 2.1209769 2.1103824 2.3973173 2.1313687 2.2852978 1.7095296 1.6239169 2.3209282 1.9303646 2.2776306 1.6911932 1.7174337 1.7367518 1.9493745 1.8400917 1.9160400 1.9840412 2.2112557 2.2222956 2.1079180 2.1097549 2.2165563 2.1755506 2.2217189 2.0374023 2.3894577 1.8547692 2.0359710 2.1008689 2.1095533 2.1232766 2.0664109 2.0092859 1.9707125 2.0717460 4.4944965 6.4809571 4.3671892 4.7131279 4.6425056 3.5618373 2.3344203 2.0973012 4.5079921 1.9433199 1.9912149 1.9081427 2.0809164 1.8985505 2.2870995 2.1456249 2.1189114 2.2236660 2.1731407 2.2287230 2.3631135 2.1092602 2.3221858 2.3035362 2.2070825 2.0775183 2.1618450 2.0524353 2.2677517 2.2407200 
pl.Tai.cry_11811 2.2561057 2.3416535 2.1546428 1.9509497 1.9710810 0.0980593 0.0765568 0.0808868 0.0785948 0.0781038 0.0714411 0.0771609 0.0390836 0.0117217 0.0000000 0.2546825 0.5673581 0.1619358 0.2304129 0.2839038 0.4035533 0.1897663 0.2518813 0.3411028 0.8690450 0.4100232 0.3125655 0.2860088 0.3059421 0.3052192 0.3038532 0.2874824 0.2787150 0.5555006 0.2866038 0.2127841 0.2445902 0.2318786 0.2453032 0.2408932 0.2504652 0.2292311 0.2317219 0.2387080 0.2393116 2.4014816 2.4205605 2.5706451 2.2796388 2.5120789 2.1989077 1.9991815 1.9451837 2.2573455 2.2544237 2.3838423 1.9439995 1.9836232 2.1761419 2.3429371 2.3286879 2.3492213 2.2547515 2.2708681 2.1319684 2.2020907 1.9709901 2.0490077 2.2561057 2.2852807 2.1278117 2.3287635 1.9194665 2.2527185 2.0451687 2.2451382 2.2901416 2.2416547 2.1444904 2.1518649 2.2687445 2.0549609 2.1135161 2.1222188 2.4140538 2.1008219 2.2859370 1.7304805 1.6276810 2.3206262 1.9682579 2.2895067 1.7090019 1.7205637 1.7088112 1.9569882 1.8379996 1.8990828 2.0046618 2.2297013 2.2096442 2.1256340 2.0878263 2.2195544 2.1743863 2.1983099 1.9966642 2.3898811 1.8094925 2.0059310 2.0496642 2.0665766 2.1340120 2.0544868 1.9978001 1.9687968 2.0307878 4.4251568 6.4865789 4.3709827 4.6650877 4.6486125 3.6255833 2.3258804 2.0809552 4.6373382 1.9335624 1.9448162 1.8858087 2.0427358 1.8573401 2.2807020 2.1348769 2.0951291 2.2094200 2.1630650 2.2418326 2.3285190 2.0695360 2.3653087 2.3676241 2.2277990 2.1233253 2.1714365 2.0248149 2.1769487 2.2449152 
pr.Sar.neT_11806 2.0918842 2.4204394 2.1446476 1.9568217 1.9929661 0.2613019 0.2376985 0.2338242 0.2397130 0.2490310 0.2385497 0.2519982 0.2519149 0.2549959 0.2546825 0.0000000 0.4234229 0.2288036 0.2477342 0.2672787 0.3471269 0.2429113 0.3009507 0.3213057 0.8294797 0.4685967 0.3883603 0.3622424 0.3786433 0.3802578 0.3758043 0.3859289 0.3606843 0.5260343 0.3634144 0.2448193 0.2892542 0.2626365 0.2772138 0.2538722 0.2602908 0.2802326 0.2737712 0.2792047 0.2818118 2.5467457 2.2310546 2.2738553 2.2444064 2.4406325 2.3520900 2.1761608 2.1010069 2.2997323 2.2975644 2.4795334 1.7574145 1.9070154 2.1966325 2.4693077 2.3272467 2.3525721 2.2939364 2.3108027 2.2352175 2.0368621 1.9088631 1.9161491 2.0918842 2.0496876 2.0542095 2.2353441 1.8966436 2.1965276 1.8739511 2.1720431 2.1773688 2.0895039 2.2728160 2.1793703 2.2114585 2.2220797 2.1553524 2.2708195 2.6678755 2.1061112 2.3876135 1.7938434 1.7892291 2.1719969 1.9183112 2.1378254 1.7637339 1.7935768 1.9104636 2.2859130 1.9707110 1.9972215 2.0186486 2.1718147 2.1548081 2.1810576 2.1316821 2.1945052 2.1236750 2.1291302 1.9394785 2.4849669 2.0482799 2.1245035 2.1545026 2.2979645 2.1835371 2.0008496 1.9887892 1.9389129 2.1954953 4.0584982 5.4543078 3.6055948 3.9187715 4.0654744 3.2141902 2.4478598 2.1410099 3.9357883 1.9791984 2.0947365 1.8710987 1.9367797 1.9165863 2.0609478 2.0900047 2.0549899 2.1521278 2.0962786 2.2117284 2.3632962 2.2436695 2.1516977 2.2953419 2.2601749 2.0011395 2.0906000 2.2549734 2.3049691 2.1474511 
pr.Pla.al_12147  2.3083565 3.0211457 2.3867114 2.3544220 2.3356964 0.5181011 0.5072493 0.5011862 0.5023127 0.5363201 0.5004615 0.5047000 0.5572968 0.5517102 0.5673581 0.4234229 0.0000000 0.5086365 0.4387473 0.4650880 0.5237546 0.4401290 0.5260865 0.5101532 1.1879780 0.6945319 0.7014440 0.7063088 0.7466022 0.7389175 0.7394043 0.7428728 0.7120811 0.7860943 0.6259744 0.4495180 0.5240095 0.4891900 0.4862882 0.4544298 0.4633509 0.4981225 0.4600655 0.4941855 0.4322150 2.7464630 2.3453824 2.3303560 2.3769563 3.0688690 2.4394108 2.3232874 2.4697855 2.4898846 3.0122399 3.2021505 2.2375628 2.3077161 2.6436792 2.8878845 2.8475681 2.8536748 2.6933734 2.7546334 2.4326089 2.1347895 2.1798083 2.0598352 2.3083565 2.5205844 2.2636253 2.3544357 2.0902834 2.4475073 2.1582512 2.3889332 2.4215694 2.3606710 2.5760977 2.4773313 2.1339686 2.3188113 2.4679881 2.6420546 3.0050429 2.6482727 2.9070664 1.8533792 1.9097217 2.4953326 2.2410768 2.4852682 1.8972854 1.9202203 2.0018507 2.3803758 2.1010132 2.3390347 2.6355992 2.5359735 2.8054791 2.4402178 2.5724460 2.5342746 2.4889861 2.5037592 2.4426668 2.5807794 2.3213685 2.3119891 2.3384259 2.4089122 2.4460060 2.3321206 2.3280254 2.2070640 2.3767103 3.6644248 5.4667355 4.0501078 4.5904482 4.2008138 2.4138309 2.8982585 2.3122538 3.4562187 2.3795176 2.4432462 2.1543856 2.2175992 2.0879418 2.5756365 2.3905496 2.6005421 2.4444812 2.4540854 2.4957921 2.7628562 2.4115372 2.4429078 2.4939547 2.5825025 2.4689225 2.4770446 2.7388813 2.4414752 2.6778580 
pr.Sti.hel_11795 2.2047577 2.3945355 2.1808569 2.0255487 2.0445253 0.1759316 0.1605597 0.1630271 0.1618162 0.1579893 0.1611323 0.1698240 0.1484851 0.1653411 0.1619358 0.2288036 0.5086365 0.0000000 0.2349595 0.3033555 0.4170739 0.2075769 0.2832373 0.3480245 0.8782690 0.4708521 0.3603870 0.3450913 0.3544747 0.3518234 0.3511268 0.3447290 0.3207421 0.5810000 0.3377194 0.2315401 0.2494703 0.2353812 0.2513188 0.2499455 0.2667551 0.2357600 0.2517603 0.2388128 0.2350711 2.3694166 2.2988040 2.3886279 2.2716066 2.4801437 2.3206032 2.1048896 2.1179012 2.2006944 2.2724786 2.4086737 1.9608046 1.9662310 2.0919009 2.3333897 2.2440546 2.1642325 2.1635822 2.1987158 2.1009487 2.0282702 1.9485862 2.0226923 2.2047577 2.2381967 2.0476278 2.2516885 1.9210093 2.2532584 2.0635966 2.2505364 2.2434660 2.2790171 2.0684006 2.0390213 2.2663244 2.1318721 2.2197382 2.2531201 2.3117075 2.0048975 2.1726905 1.7585014 1.6862338 2.1995018 2.0938949 2.1618231 1.7175939 1.7820038 1.8405656 1.9311200 1.7889519 2.0629965 2.1094210 2.2214459 2.2274029 2.1745583 2.1115918 2.1578881 2.1473740 2.0927686 2.0046741 2.3252768 2.0730046 2.0378273 2.0940932 2.1759893 2.1682952 1.9256341 1.8640068 1.9134097 2.0742965 4.3574419 6.2024146 4.2189129 4.9822746 4.7325344 3.8972808 2.3070706 2.0257229 4.3369680 2.0390841 2.0184513 1.9316509 2.0567184 1.9192329 2.2129580 2.1913835 2.2019168 2.1901861 2.2497706 2.1790985 2.3442315 2.0978409 2.3293383 2.3948088 2.2749409 2.0889013 2.1980285 2.0096223 2.1378162 2.2505082 
pr.al.at_11811   1.8323481 2.2357675 1.8945903 1.7831420 1.7919032 0.2478197 0.2175296 0.2329193 0.2251941 0.2299454 0.2258475 0.2360842 0.2310345 0.2265803 0.2304129 0.2477342 0.4387473 0.2349595 0.0000000 0.2540879 0.3425945 0.2173720 0.2747842 0.2714590 0.7798385 0.4128412 0.3900879 0.3650120 0.3871196 0.3849009 0.3825688 0.3773143 0.3520056 0.5614286 0.3197742 0.2333617 0.2663159 0.2537234 0.2575929 0.2406108 0.2543438 0.2440008 0.2418107 0.2551075 0.2504627 2.3363738 2.1417405 2.1055798 2.0145039 2.3587926 2.0523939 1.8461582 1.8347789 1.9543130 2.1783467 2.2867567 1.7162877 1.7680799 1.8757483 2.0624108 1.9469701 1.9916106 1.9267208 1.9275305 1.8324081 1.9261386 1.7299458 1.7498960 1.8346693 1.9705042 1.9449091 1.9632023 1.7900178 2.1226484 1.7254269 1.8883429 2.0177585 1.8510792 1.9474149 1.9183253 2.0106970 1.9202493 2.0199391 2.0467961 2.2821519 1.8316652 2.0711142 1.5496796 1.5223164 2.0214519 1.8006156 2.0639042 1.5779708 1.5395570 1.6790615 1.9083496 1.7907035 1.7682726 1.8484041 1.9073630 2.0900708 1.9323056 1.8246501 1.9885909 1.9931672 1.8180248 1.7430185 2.0435939 1.7787371 1.8744381 1.8615583 2.0429879 1.8884665 1.7755223 1.7250880 1.7926375 1.8708554 3.8184078 5.1979886 3.9761839 3.8033848 4.3998192 3.1291027 2.0146869 1.7801219 3.9129181 1.8280100 1.8616974 1.7650778 1.9686454 1.7505481 1.9912817 2.0248251 2.0554924 2.0660738 1.9667589 1.9490915 2.0547411 1.7791360 2.0857805 2.0402193 1.8982670 1.9979608 1.9659561 1.9314670 2.0494974 1.8898431 
pr.Cyc.gla_11763 2.3626774 2.4924405 2.1914853 2.0880053 2.0170431 0.3046150 0.2786359 0.2741526 0.2808565 0.2942504 0.2769090 0.2937627 0.2870659 0.2823685 0.2839038 0.2672787 0.4650880 0.3033555 0.2540879 0.0000000 0.2374585 0.2480297 0.2792720 0.3138439 0.8665959 0.4264208 0.4498033 0.4111395 0.4268789 0.4239686 0.4251012 0.4189161 0.3968383 0.5929655 0.3964829 0.2525792 0.2809065 0.2616574 0.2650156 0.2579075 0.2580048 0.2719624 0.2696273 0.2594904 0.2672821 2.3586032 2.3288238 2.2152258 2.2502504 2.5872973 2.3075848 2.2182291 2.2025811 2.1132539 2.3482634 2.4998412 2.0007637 1.9693945 2.1891881 2.4224762 2.2849732 2.2579785 2.2860053 2.1999895 2.2100008 2.1425395 1.9685364 2.0466931 2.3626774 2.2563295 2.0701952 2.4024850 1.9983892 2.3651888 1.9961197 2.3792255 2.2848956 2.1443390 2.2767878 2.2206008 2.0746055 2.3085566 2.1449894 2.1957626 2.6446264 2.2938818 2.4205999 1.7489099 1.6977769 2.3303312 2.0655365 2.2339415 1.8049101 1.6619678 1.9270316 1.9436891 1.8078358 1.9176741 2.2525007 2.2791513 2.1204633 2.1197643 2.1079068 2.0814027 2.1747525 2.2263586 2.0517437 2.2616694 2.1265311 2.1087777 2.1678607 2.3345108 2.2186688 2.0915965 2.0231765 2.1087799 2.1256514 3.6488818 5.0162986 4.1356397 4.2786317 4.0319381 2.9020300 2.3385856 2.0792107 4.0918474 1.9612981 2.1477668 1.9479886 2.2980815 1.9442246 2.1557821 2.1278402 2.2908673 2.1629694 2.1800880 2.2124306 2.3245401 2.1768243 2.3227144 2.2014980 2.1034211 2.1062479 2.0720525 2.3239189 2.1603827 2.2407964 
pr.Tet.bor_11752 2.3378208 2.4582808 2.0686329 2.0865413 2.0055729 0.3766002 0.3692358 0.3718220 0.3633313 0.3758091 0.3742942 0.3929812 0.3985064 0.4032968 0.4035533 0.3471269 0.5237546 0.4170739 0.3425945 0.2374585 0.0000000 0.3503926 0.4063356 0.3999957 0.9250706 0.5194402 0.4909207 0.4606796 0.4946751 0.4933398 0.4932422 0.4929899 0.4794902 0.6786448 0.4759057 0.3164793 0.3502094 0.3479164 0.3440310 0.3243232 0.3382037 0.3648554 0.3636330 0.3642491 0.3581351 2.2027141 2.2626557 2.1234484 2.1476006 2.4571319 2.1250502 1.9816373 2.0104782 2.1121001 2.2850407 2.4228464 1.8795019 1.9103670 2.2349204 2.4396052 2.3915222 2.3492636 2.2943408 2.2433487 2.1807434 2.2393220 2.0988788 1.9623517 2.3378208 2.4127344 2.0742853 2.4486492 2.1204032 2.4644488 1.9905068 2.3686972 2.2481466 2.1609603 2.3468806 2.3100398 2.2085703 2.3222488 2.1857133 2.2238230 2.3402796 2.1398595 2.2212177 1.8183082 1.7435986 2.1570791 1.9226060 2.1102477 1.7763534 1.7978737 1.8925040 2.2170833 2.0000271 1.8592751 2.3314416 2.1762182 2.0807935 2.0966426 2.1876279 2.1217444 2.1420734 1.9920340 1.9896275 2.3067094 2.3260772 2.4343325 2.2741880 2.4221399 2.3174184 2.1079948 2.0766390 2.0953587 2.4513726 3.4464885 4.2773727 3.7337510 3.7833123 3.7267915 2.4917248 2.4023462 2.1766333 3.6256026 2.0886378 2.0684915 1.8841946 2.0577442 1.9411258 2.2592770 2.1302728 2.4013664 2.2244392 2.1997114 2.3072295 2.4008652 2.1978756 2.2194963 2.4968558 2.3804561 2.1466857 2.0217536 2.5793466 2.4183574 2.1854232 
pr.Rho.sal_11762 1.9532229 2.2156416 1.8856612 1.8115362 1.8297206 0.2052137 0.1839596 0.1878663 0.1847890 0.1937101 0.1784472 0.1912307 0.1803322 0.1887584 0.1897663 0.2429113 0.4401290 0.2075769 0.2173720 0.2480297 0.3503926 0.0000000 0.2428770 0.2631094 0.8229966 0.4003358 0.3453839 0.3142135 0.3216678 0.3191885 0.3185926 0.3355012 0.3142529 0.5377340 0.2970433 0.2149453 0.2423496 0.2316790 0.2532212 0.2122386 0.2220525 0.2164014 0.2298098 0.2272636 0.2154986 2.3337203 2.2331358 2.2014998 1.9491107 2.4655991 2.1197311 1.9715477 1.9421529 2.0597331 2.1462732 2.3212390 1.6950585 1.7896123 1.9702545 2.1146254 2.0641300 2.0786033 2.0149693 2.0092155 1.9219438 1.9023376 1.7593871 1.7144144 1.9532229 2.0840051 2.0025913 1.9569310 1.8283945 2.1329945 1.7862028 1.9712199 2.0832275 2.0293875 1.9817931 1.9386367 1.9751480 2.1052891 2.0360089 2.1510413 2.4975136 1.9956825 2.2004954 1.5492180 1.4734692 2.0276731 1.8881534 2.1086761 1.5804464 1.5458002 1.7637492 1.8657536 1.6505787 1.8825143 1.8447568 2.0364337 2.0887431 2.0553859 1.9977314 2.0850932 2.0601506 2.0024817 1.8862621 2.2034973 1.9373869 1.9588703 1.9986972 2.0199467 2.0936316 1.9056747 1.8845471 1.7845692 1.9836195 4.7012792 5.8877808 3.9586062 4.3007810 4.3433134 2.8662632 2.0455167 1.8156598 3.4952699 1.9373160 1.9882728 1.7560835 1.9154682 1.7662890 2.0156787 2.0287161 1.9726646 2.0298642 1.9706009 2.1414662 2.1968127 2.0060566 2.1019315 2.0339743 1.9459805 1.9751058 2.0129267 2.0695741 2.0984145 2.0691184 
pr.Por.aca_11844 2.2965746 2.5770534 2.2610161 2.1225155 2.0853319 0.2669931 0.2472194 0.2419297 0.2475388 0.2448882 0.2472523 0.2562078 0.2473206 0.2470797 0.2518813 0.3009507 0.5260865 0.2832373 0.2747842 0.2792720 0.4063356 0.2428770 0.0000000 0.3258123 0.8465162 0.4336391 0.3809555 0.3660831 0.3748160 0.3697337 0.3762076 0.3871000 0.3671468 0.5859671 0.3645839 0.2701188 0.2931126 0.2735264 0.2847920 0.2683984 0.2769400 0.2794113 0.2668177 0.2919158 0.2824314 2.6178236 2.5191710 2.4619510 2.3929830 2.5819447 2.3993392 2.2692508 2.1890243 2.3566976 2.4213192 2.5456818 2.0785475 2.0158382 2.2876082 2.5763619 2.4797666 2.4971081 2.3953347 2.3744962 2.3280912 2.0128895 2.0502228 2.0793009 2.2965746 2.4517911 2.3337992 2.4224178 2.0531041 2.3946141 2.2013545 2.2918434 2.5721234 2.2586456 2.2542884 2.2561685 2.4426122 2.2905210 2.2408474 2.4496494 2.6884053 2.3004441 2.4864007 1.7481409 1.7600731 2.4716578 2.1706970 2.4031130 1.7857412 1.7971581 2.0255965 2.0260661 1.8477670 2.2100859 2.1964572 2.4111386 2.3908010 2.2832579 2.2951201 2.3571060 2.3575601 2.2542746 2.1621606 2.4403207 2.2372756 2.3130322 2.2301610 2.3543876 2.2643878 2.1511753 2.1180124 2.0950176 2.2391775 4.2989526 5.2904072 3.5707928 4.1597162 3.8990686 3.3082642 2.1058093 1.9313758 4.4379397 2.0676898 2.1504825 2.0603077 2.2187239 1.9757454 2.2151474 2.1694557 2.1510147 2.1812677 2.1883766 2.4804008 2.4346134 2.3206410 2.5104390 2.4446611 2.3864171 2.3446861 2.3425168 2.2477147 2.2918276 2.2268346 
pr.Bla.ho_11770  2.0478169 2.1831022 2.0269073 1.7807623 1.8735658 0.3248930 0.3089092 0.3087982 0.3133797 0.3150026 0.3156357 0.3259131 0.3291476 0.3325987 0.3411028 0.3213057 0.5101532 0.3480245 0.2714590 0.3138439 0.3999957 0.2631094 0.3258123 0.0000000 1.0363333 0.4977700 0.4367078 0.4279707 0.4452782 0.4389563 0.4425903 0.4723219 0.4526265 0.6907644 0.4072460 0.3064927 0.3699602 0.3513827 0.3687332 0.3282432 0.3349717 0.3226859 0.3191224 0.3331512 0.3323574 2.2290145 2.2024360 2.0951837 2.0810292 2.5926430 2.2226492 2.0296956 1.9546846 1.9874465 2.1773691 2.4973226 1.7443387 1.7986207 1.9832069 2.1665902 2.0829379 2.1229648 2.0281275 2.0237172 1.8898481 1.9760184 1.8256953 1.7751823 2.0478169 2.1019593 1.9217324 2.1044374 1.7753845 2.1064409 1.8331355 2.0656141 2.1233551 1.9758804 2.0887512 2.1054816 1.9229980 2.1873667 2.0605821 2.1402168 2.5571350 2.0200647 2.2313545 1.7383001 1.6814830 2.2218676 1.9303092 2.2582917 1.6338303 1.7094029 1.6914463 2.0237376 1.8681144 1.7060254 1.9300366 1.9290386 1.8689237 1.8448479 1.8471020 1.9760782 1.9082104 1.9709766 1.8047638 2.1807931 1.9198594 1.9716347 2.0160878 2.1179414 2.0909180 1.9839216 1.9384787 1.8315724 1.9596839 3.4335995 4.9414699 3.5508456 3.9836227 3.5566949 3.0491090 2.1678593 1.9215444 4.1416534 1.9698117 2.0664640 1.9035435 1.9344332 1.8737382 2.1108733 2.0674901 2.1481802 2.1299415 2.0567986 2.1162234 2.0837665 1.9907659 2.2484311 1.9752696 2.0735881 2.0464740 2.0433901 2.0594317 2.0079499 2.0627365 
pr.Try.eqT_12251 2.8980861 3.0631566 2.5657201 2.4291008 2.6371022 0.8067622 0.8003165 0.7981316 0.7956910 0.8249569 0.7870093 0.8389360 0.8329498 0.8670370 0.8690450 0.8294797 1.1879780 0.8782690 0.7798385 0.8665959 0.9250706 0.8229966 0.8465162 1.0363333 0.0000000 1.0570254 0.9111240 0.9051899 0.9201114 0.9084970 0.9195918 0.9372850 0.8783235 0.9838157 0.9385335 0.7700155 0.8198095 0.7743917 0.7952265 0.8162200 0.8709701 0.8236399 0.7950101 0.7853902 0.8191995 3.2208817 2.8028588 2.8076852 2.5438999 3.0288037 2.6951328 2.6885590 2.6891692 3.0093531 3.1142715 3.0750601 2.4743192 2.8880526 2.6444168 2.7664985 2.6545363 2.6973278 2.6190525 2.6540368 2.5688247 2.4003990 2.4208605 2.4207137 2.8980861 3.1107709 2.8057497 2.8240876 2.6549198 2.8797561 2.5292667 2.8298016 3.0151092 2.5038110 2.6787576 2.5199062 2.8302794 2.5344400 2.6682133 2.6927402 2.6552866 2.5044150 2.6198166 2.1195985 2.0544873 2.6707795 2.6144887 2.8203268 2.1457720 2.2522692 2.2924884 2.5002348 2.3757888 2.7512098 2.7152768 2.5902925 2.8278281 2.5452312 2.6162647 2.6456698 2.8282566 2.5804572 2.5563497 2.9087528 2.7097370 2.6595950 2.7762815 2.5705871 2.8315900 2.7053412 2.6265117 2.7879404 2.7110738 4.4635304 5.0370930 4.9143939 5.4974865 5.4043390 4.3248649 2.7765218 2.5690865 4.8160431 2.3391104 2.5080637 2.4345972 2.3988157 2.5087701 2.8455993 2.6147446 2.7797952 2.9168827 2.9856996 2.7215754 2.7715035 2.6538808 2.5924953 2.4921519 2.4150813 2.5566853 2.7840788 2.9437197 2.8568422 2.4715097 
an.Dro.el_11995  2.3907868 2.8971309 2.3429324 2.3094914 2.1750263 0.4156926 0.3870609 0.3891668 0.3899501 0.4150949 0.3828701 0.3986488 0.4141544 0.4081924 0.4100232 0.4685967 0.6945319 0.4708521 0.4128412 0.4264208 0.5194402 0.4003358 0.4336391 0.4977700 1.0570254 0.0000000 0.3265649 0.3084842 0.3268481 0.3254490 0.3253920 0.3261544 0.3249873 0.5238400 0.2956964 0.3510167 0.4287840 0.3958319 0.3797092 0.3688000 0.3707679 0.3542604 0.3409020 0.3628719 0.3490439 2.8830604 2.5190284 2.4989167 2.3513400 2.9867518 2.5583309 2.2718845 2.4460842 2.4001113 2.6612430 2.5768654 1.9221609 1.9144204 2.4204286 2.5557250 2.5571708 2.5980371 2.4390831 2.4573535 2.4090806 2.3495227 2.1209538 2.2462795 2.3907868 2.6912579 2.3314792 2.5131610 2.0239620 2.6525713 2.1748393 2.3227696 2.5106343 2.1711194 2.2703165 2.2025222 2.5007030 2.3776760 2.4791371 2.5592190 2.6220685 2.3425583 2.5939389 1.8476060 1.8535526 2.0542193 1.9261723 2.1216670 1.8530222 1.8526255 1.8735477 2.3680771 2.0105557 2.2751051 2.4443919 2.4680599 2.7078195 2.5926418 2.3630594 2.6021494 2.6392591 2.3453150 2.3580965 2.5001244 2.1305176 2.3660150 2.4879274 2.5256908 2.3870682 2.2289249 2.2067233 2.2160747 2.2814917 3.8742707 5.6716124 4.7622179 4.9240159 4.6004705 2.8533440 2.9216046 2.3324836 3.9032919 2.2681655 2.1147090 1.9165217 2.1685196 1.9538446 2.2151096 2.2963549 2.3609975 2.5233285 2.2533605 2.3092316 2.7284459 2.3188157 2.2861377 2.6435461 2.5707896 2.3875615 2.4383943 2.4301141 2.5254828 2.2333721 
