146
cy.Mic.aer_1-1555 0.0000000 0.1788120 0.1776463 0.1831643 2.0004002 2.0202124 2.0438644 2.0513444 1.9832620 2.0334948 2.0888818 1.9850536 1.9607054 1.9173041 2.0204371 2.2661017 1.9427817 1.7236671 2.0075876 2.0132592 1.9834501 1.8798523 1.8338563 2.1182311 2.3343435 2.1809462 2.1685185 2.2530014 2.2170195 2.2188606 2.2024530 2.1696464 2.2405096 2.2575935 1.9530288 1.8504291 1.8592640 1.8611566 2.0266668 2.0222744 1.8864674 1.8110443 1.9356825 2.0031011 0.5900553 0.5670796 0.5371837 0.5595563 0.6602181 0.4715846 0.5025014 0.4390225 0.5236450 0.4621538 0.5969722 0.5146043 0.4570858 0.2522586 0.2581191 0.2559255 0.2627169 0.2370312 0.2325583 0.2582241 0.3595313 0.1890811 0.2298411 0.4498276 0.4646201 0.4398488 0.4275568 0.4543566 0.4617564 0.4020329 0.4284237 0.4398265 0.3796826 0.4105310 0.4379712 0.4686246 0.4731677 0.5667493 0.5871381 0.4540403 0.4628739 0.4883639 0.8936616 0.9093212 1.0785317 1.0214934 1.0610498 0.8122375 0.8080011 1.0586666 0.8622050 0.8354895 0.4011580 0.4389736 0.3890374 0.4542825 0.4174375 0.4179354 0.4285970 0.4116540 0.4204661 0.4217748 0.4561406 0.3455610 0.3842613 0.4114169 0.4015139 0.4165440 0.4309152 0.4217759 0.4074378 0.3834976 5.5718344 3.5570503 2.7095804 3.0045138 3.3148874 1.8997981 0.6671081 0.6706687 1.8206431 0.3718632 0.3978358 0.4010038 0.4053085 0.4078464 0.4396243 0.4384171 0.4544378 0.4090735 0.4226909 0.4239304 0.4268881 0.3942208 0.4733406 0.4957762 0.4820379 0.4713747 0.4376752 0.3674629 0.4183549 0.4401979 
cy.Osc.aga_1-1485 0.1788120 0.0000000 0.1479866 0.1194400 1.8854035 1.9374301 1.8901497 1.9272891 1.9391059 1.9172529 1.9480388 1.9113917 1.9297824 1.8953259 1.8957342 1.9588858 1.8799987 1.6808387 1.9059526 1.8368852 1.8467516 1.7163738 1.7529621 1.8173740 1.9232953 2.0602950 1.9563648 2.0491439 2.0111556 2.0328074 2.0388381 2.0432440 1.9527603 1.9450723 1.7787484 1.8110219 1.7375738 1.7250277 1.7836177 1.7861659 1.7530874 1.6736705 1.7829816 1.8024555 0.5343278 0.4999962 0.4919263 0.5122740 0.5768369 0.4095935 0.4136054 0.3880215 0.4500557 0.4274725 0.5378987 0.3746471 0.3793600 0.2123745 0.2225205 0.2282118 0.2121627 0.1988780 0.1940321 0.2114463 0.3074555 0.1589438 0.1927134 0.3826928 0.4232390 0.3848669 0.3514946 0.4191183 0.4101143 0.3510632 0.3746916 0.3836096 0.3069093 0.3584920 0.3601191 0.3778831 0.4092441 0.4995653 0.4561875 0.3818772 0.4308501 0.4451371 0.7375033 0.7312797 0.8896735 0.8828611 0.8981592 0.7035392 0.6786188 0.9967487 0.7685826 0.7063648 0.3967494 0.4205081 0.3531299 0.4229670 0.3898832 0.4051522 0.3978292 0.3795735 0.3901711 0.3633501 0.3736222 0.3152041 0.3243455 0.3538275 0.3605577 0.3593398 0.3833707 0.3740357 0.3832604 0.3290029 3.8928845 2.5406260 2.0840902 2.2955351 2.4392300 1.7610686 0.5996072 0.6020663 1.5077161 0.3562450 0.3723519 0.3573396 0.3542063 0.3691595 0.3741179 0.3724526 0.3880348 0.3670683 0.3532583 0.3615346 0.3885906 0.3533298 0.4064698 0.4255516 0.4172419 0.4135213 0.3728220 0.3503969 0.3879704 0.3820618 
cy.Pho.amb_1-1477 0.1776463 0.1479866 0.0000000 0.1187960 1.7464818 1.7950494 1.7979138 1.8177878 1.7891970 1.8116434 1.8384020 1.7626906 1.7444053 1.7137190 1.7691111 1.9231751 1.7061704 1.5571884 1.8397313 1.8109417 1.7257965 1.7127523 1.6396424 1.8395629 1.8822703 1.9325805 1.8667765 1.9303435 1.9006055 1.9000153 1.9142683 1.9139757 1.8786826 1.8172336 1.6833061 1.7600920 1.7017537 1.6893285 1.7047987 1.6986154 1.6476654 1.6327853 1.6819265 1.7441358 0.5284408 0.4974823 0.4665049 0.4927673 0.5441372 0.4170978 0.4189073 0.3712536 0.4367124 0.4086445 0.5375909 0.4176466 0.3808517 0.2221748 0.2212721 0.2281668 0.2175176 0.2008810 0.1924045 0.1989200 0.3039643 0.1464749 0.1845293 0.3910340 0.4052553 0.3648008 0.3521371 0.3974900 0.3966824 0.3483193 0.3886951 0.3988359 0.3053441 0.3851397 0.3785203 0.4049685 0.4126374 0.5489897 0.5027344 0.3915473 0.4112560 0.4325528 0.7415104 0.7416833 0.8134201 0.8487952 0.8798636 0.6975402 0.6956143 0.9443072 0.7524485 0.7337735 0.3616129 0.3999601 0.3524855 0.4048294 0.3703387 0.3699289 0.3732639 0.3672826 0.3820113 0.3613691 0.3809917 0.3200793 0.3221701 0.3486260 0.3521828 0.3492129 0.3777306 0.3640085 0.3870733 0.3331931 4.5392551 2.7917953 2.1163148 2.3733898 2.4210912 1.7853591 0.5847615 0.5756367 1.4424876 0.3447480 0.3263499 0.3345798 0.3401551 0.3469258 0.3617254 0.3908919 0.3861667 0.3459936 0.3530560 0.3872100 0.3892688 0.3424340 0.4230905 0.3940811 0.3985627 0.3989747 0.3891725 0.3485195 0.3704464 0.3677063 
cy.Tri.ten_1-1478 0.1831643 0.1194400 0.1187960 0.0000000 1.7045394 1.7853225 1.7778757 1.8099893 1.8014170 1.7875751 1.8212786 1.7767850 1.7578077 1.7268530 1.7819106 1.9559247 1.7293376 1.5357509 1.8091719 1.7578249 1.7382236 1.6470267 1.5910595 1.9769996 1.9011498 1.9305196 1.8465821 1.9756391 1.9228537 1.9438085 1.8632200 1.8231474 1.8506151 1.8110811 1.7269944 1.8241041 1.7476645 1.6787488 1.7354360 1.7236247 1.6071597 1.6071403 1.6604212 1.7200729 0.5328147 0.4816331 0.4931971 0.5099354 0.5727511 0.3962850 0.3923760 0.3945020 0.4381247 0.4304335 0.5255521 0.3970398 0.3812115 0.1997708 0.1997338 0.2143476 0.1974496 0.1816649 0.1774281 0.1991755 0.2823883 0.1457219 0.2122607 0.4048976 0.4199124 0.3619387 0.3740343 0.3912229 0.4139072 0.3482571 0.4024777 0.3847686 0.2948584 0.3739975 0.3724782 0.3855124 0.3976360 0.5147133 0.4694871 0.3736459 0.4006539 0.4157120 0.7217445 0.6943052 0.8231814 0.8543131 0.8605108 0.6696792 0.6497555 0.9228666 0.6968646 0.6679925 0.3624534 0.4108583 0.3489205 0.3997871 0.3724278 0.3634980 0.3733705 0.3652725 0.3784721 0.3546553 0.3669555 0.3068186 0.3193198 0.3613258 0.3527816 0.3701925 0.3759369 0.3629356 0.3924685 0.3239275 4.4993074 2.7634448 2.0883068 2.2970316 2.2849515 1.7951247 0.5684725 0.5689244 1.5416330 0.3284218 0.3069100 0.3039785 0.3591012 0.3302116 0.3534569 0.3733402 0.3782875 0.3322587 0.3458218 0.3529446 0.3814715 0.3401887 0.4397531 0.4350840 0.4296087 0.3994808 0.3919582 0.3367484 0.3409415 0.3579582 
pl.Zea.may_1-1809 2.0004002 1.8854035 1.7464818 1.7045394 0.0000000 0.0790395 0.0853813 0.0823352 0.0690732 0.0824635 0.0936358 0.0820877 0.1031807 0.0999543 0.2867650 0.5369580 0.1845676 0.2642273 0.3265405 0.4182201 0.2257257 0.2798863 0.3364456 0.8183512 0.4516982 0.3213788 0.3075881 0.3183353 0.3147498 0.3227080 0.3025288 0.3017057 0.5949291 0.3141433 0.2520065 0.2531312 0.2427424 0.2683495 0.2666546 0.2799406 0.2297105 0.2327258 0.2350411 0.2588720 2.2323628 2.0700276 2.0593558 1.8866191 2.3985395 1.8213790 1.7285124 1.7478336 1.7386971 1.9773472 1.9872478 1.5708824 1.6254800 1.7945499 1.9009191 1.8284855 1.9128675 1.8165448 1.8356466 1.8817936 1.9434246 1.7724472 1.8392043 1.9893468 2.0562854 1.8043061 1.9623072 1.8009627 2.0636874 1.7772655 1.9579136 1.8816713 1.9629062 1.7982042 1.8702517 1.9968470 1.8637005 1.8579778 1.9413877 2.1808431 2.1135973 2.0851346 1.6695623 1.5952715 1.8223383 1.6756544 1.8582136 1.5828124 1.6079339 1.5369572 1.7376422 1.5880515 1.7731446 1.8317139 1.8178450 1.8553158 1.9332012 1.8562849 1.8931330 1.9266659 1.8218072 1.7851829 1.9577586 1.7380869 1.8074687 1.7404406 1.8176375 1.8864199 1.8699823 1.7522757 1.7534190 1.8826436 3.9405913 3.9973439 3.2232768 3.2735107 3.2254343 3.1485415 1.9657597 1.8761852 2.8791476 1.8064060 1.7917044 1.8663399 1.9077604 1.7936925 1.9731474 2.0069228 1.8973607 1.9569675 1.9469793 1.9890134 1.9472259 1.8425301 2.0946225 2.1588281 2.0394295 1.9655986 1.9189034 1.8259990 1.9215291 1.7652162 
pl.Pan.gin_1-1811 2.0202124 1.9374301 1.7950494 1.7853225 0.0790395 0.0000000 0.0368265 0.0264362 0.0258331 0.0272521 0.0362859 0.0636687 0.0829075 0.0808473 0.2605760 0.5350408 0.1826016 0.2366457 0.3176969 0.4126101 0.2133673 0.2703024 0.3300482 0.8332596 0.4311680 0.3330264 0.3175013 0.3279844 0.3264358 0.3357383 0.3180829 0.3067554 0.5722770 0.3076486 0.2379017 0.2506005 0.2407145 0.2705914 0.2581987 0.2645357 0.2393625 0.2501550 0.2510991 0.2564996 2.1624706 2.0250169 2.0574728 1.8313500 2.3499446 1.8397131 1.7252817 1.7468722 1.8431244 2.0023059 1.9154874 1.5757137 1.6604990 1.7654397 1.8897464 1.8187771 1.8747784 1.7828118 1.7888036 1.8515850 1.8431657 1.7603392 1.7723527 1.8881567 1.9928975 1.8176607 1.8527046 1.7855717 2.0313050 1.7399805 1.8613705 1.8280226 1.9287322 1.9504587 1.9222803 1.9278020 1.8438588 1.8413787 2.0329254 2.1389412 2.0300902 2.0803871 1.5791766 1.5102009 1.7700399 1.6096499 1.7141174 1.5447888 1.5207494 1.4940613 1.7917733 1.6215063 1.7547168 1.8706793 1.8044803 1.8346495 1.9242899 1.8264240 1.8685757 1.9111503 1.8758224 1.7660910 2.0301309 1.6951976 1.7761644 1.7524243 1.7842657 1.8645524 1.7852246 1.7348467 1.7203361 1.8445220 3.8995433 4.1358525 3.2594349 3.1875500 3.2467248 2.9496933 1.9009940 1.8178341 2.6953976 1.8126606 1.7983844 1.8479083 1.8466418 1.7414361 1.9265025 1.9363147 1.8887870 1.8747900 1.8876218 1.9609382 1.9359595 1.8669470 2.0458346 2.0553854 1.9362904 1.9236226 1.9784946 1.8708288 1.8819038 1.7311504 
pl.Ara.tha_1-1804 2.0438644 1.8901497 1.7979138 1.7778757 0.0853813 0.0368265 0.0000000 0.0379327 0.0340831 0.0332560 0.0431137 0.0717627 0.0869197 0.0870171 0.2596079 0.5245383 0.1868220 0.2509535 0.3133580 0.4036245 0.2170510 0.2697758 0.3287066 0.8365271 0.4302838 0.3361936 0.3087347 0.3254331 0.3238945 0.3281765 0.3158097 0.3013167 0.5584111 0.3034728 0.2338776 0.2438082 0.2333277 0.2626059 0.2551688 0.2629249 0.2360788 0.2505627 0.2519677 0.2402839 2.1862930 1.9407409 2.0014899 1.7554861 2.3483037 1.8385227 1.7023898 1.7251898 1.7934720 1.9973247 1.8745436 1.5377523 1.6076081 1.7319434 1.8534469 1.7939464 1.8390448 1.7629134 1.7614933 1.8437530 1.8443449 1.7034624 1.7646278 1.8843714 1.9552364 1.8471650 1.8411596 1.7377867 2.0001195 1.7154147 1.8579503 1.8483823 1.9493403 1.9091929 1.8615167 1.9058982 1.8039571 1.8420470 1.9775034 2.1539873 1.9920265 2.0506220 1.5781160 1.4603010 1.7108697 1.5668275 1.7052519 1.5084919 1.5084683 1.4859084 1.7385467 1.5698680 1.7603380 1.7949892 1.7633906 1.8356686 1.8682393 1.8100230 1.8518979 1.8779126 1.8053883 1.7199851 2.0216382 1.7004119 1.7873457 1.7525897 1.7899066 1.8525930 1.7801625 1.7448940 1.6685960 1.8518972 3.8240648 3.9944969 3.0172812 3.0622940 3.1731210 2.9736954 1.8950337 1.8081376 2.6907292 1.8004153 1.8093807 1.7784970 1.8659554 1.7264940 1.9032958 1.9385897 1.8319005 1.8766138 1.8887217 1.8999168 1.9013317 1.8536092 1.9912947 2.0441327 1.9175467 1.8926847 1.9153103 1.8742109 1.8714534 1.7067674 
pl.Gly.max_1-1807 2.0513444 1.9272891 1.8177878 1.8099893 0.0823352 0.0264362 0.0379327 0.0000000 0.0088390 0.0344013 0.0417152 0.0686946 0.0853701 0.0831513 0.2627558 0.5213837 0.1832012 0.2398198 0.3171781 0.4016107 0.2115761 0.2695918 0.3351026 0.8281189 0.4305328 0.3350649 0.3168551 0.3280351 0.3264899 0.3324468 0.3162763 0.2968336 0.5573399 0.3009980 0.2364638 0.2508832 0.2380181 0.2644103 0.2583312 0.2661721 0.2382385 0.2483334 0.2492107 0.2428201 2.1583872 1.9703445 2.0384648 1.8203045 2.3744999 1.8887241 1.7185359 1.7548663 1.8153382 2.0044175 1.9148439 1.5904006 1.6733298 1.7935326 1.9130219 1.8308313 1.8904444 1.8113540 1.8104149 1.8817851 1.8330497 1.7357368 1.7540570 1.9268539 1.9901075 1.8699540 1.8595100 1.7618693 2.0758545 1.7690132 1.9076171 1.8732390 1.9785980 1.9272232 1.9081545 1.9162845 1.8463336 1.8606310 2.0170310 2.1567555 2.0293722 2.0867065 1.5939586 1.5254642 1.7591412 1.6026840 1.7048451 1.5699995 1.5115537 1.5120076 1.7816075 1.6130395 1.7695140 1.8898043 1.8200924 1.8569334 1.9339183 1.8438241 1.8998966 1.9438679 1.8686434 1.7736445 2.0736310 1.7510524 1.8309211 1.7984143 1.8079945 1.9084133 1.8058101 1.7704465 1.7124599 1.8647499 3.8429144 4.0684311 3.3125557 3.1830679 3.1775796 2.8639948 1.8840621 1.8008230 2.6677553 1.8233277 1.7718638 1.8044266 1.8386475 1.7388788 1.9669131 1.9690065 1.9467647 1.9294096 1.9609137 1.9691580 1.9858924 1.8497635 2.0109460 2.0424042 1.9235878 1.8791894 1.9421564 1.9121045 1.8827617 1.7279352 
pl.Pis.sat_1-1808 1.9832620 1.9391059 1.7891970 1.8014170 0.0690732 0.0258331 0.0340831 0.0088390 0.0000000 0.0361578 0.0438622 0.0668682 0.0807219 0.0827002 0.2617959 0.5329380 0.1739287 0.2372509 0.3165454 0.3952443 0.2103109 0.2597097 0.3267532 0.8319006 0.4363524 0.3255885 0.3238664 0.3361492 0.3345013 0.3408507 0.3125277 0.2967962 0.5527908 0.3003226 0.2371831 0.2496368 0.2434338 0.2619207 0.2578391 0.2622037 0.2431693 0.2424322 0.2519266 0.2496673 2.1406625 1.9293725 2.0511645 1.8169389 2.3079462 1.8540830 1.7169281 1.7315076 1.8027330 2.0065650 1.8709206 1.6921173 1.6625373 1.7923651 1.8996672 1.8323631 1.8949758 1.8113188 1.8181039 1.8797793 1.8422339 1.7386750 1.7539404 1.9890058 1.9831429 1.8486980 1.8721428 1.7521881 2.0422832 1.8016174 1.9688601 1.9119703 1.9647341 1.9171067 1.8985115 1.9656006 1.8272371 1.8504925 1.9749252 2.1115257 2.0579306 2.0395630 1.6549621 1.5806890 1.8443496 1.6693336 1.8064729 1.5917832 1.5673628 1.5197662 1.7230536 1.6624704 1.7306710 1.8003218 1.8280824 1.8184341 1.9245579 1.8504494 1.9250442 1.9347698 1.8583608 1.7868848 2.0540504 1.7123720 1.8270797 1.7919193 1.7991878 1.8523724 1.8521598 1.8165963 1.7583079 1.8633989 3.8686183 4.2840689 3.4130837 3.2712377 3.3101340 2.9607562 1.9427117 1.8600483 2.7283636 1.7944990 1.7562726 1.8812761 1.8404812 1.7221346 1.9704679 1.9626635 1.8991006 1.8941048 1.9877692 1.9828440 2.0012291 1.8387075 2.0831632 1.9966940 1.8826560 1.8495915 1.8954129 1.8384482 1.8355980 1.7729075 
pl.Lyc.esc_1-1800 2.0334948 1.9172529 1.8116434 1.7875751 0.0824635 0.0272521 0.0332560 0.0344013 0.0361578 0.0000000 0.0142717 0.0637255 0.0779776 0.0789260 0.2643714 0.5318092 0.1864494 0.2441775 0.3155709 0.4059403 0.2097218 0.2666792 0.3326972 0.8328686 0.4316605 0.3240214 0.3018690 0.3138423 0.3146996 0.3177713 0.3101158 0.2912133 0.5626990 0.3014938 0.2428862 0.2478919 0.2382012 0.2692138 0.2584621 0.2667811 0.2324891 0.2487310 0.2497093 0.2461809 2.2031892 2.0222027 2.0252394 1.7974225 2.3445865 1.8435857 1.7436692 1.7324345 1.8063491 2.0094282 1.9178300 1.6006742 1.6703541 1.7773620 1.8870391 1.8063317 1.8832823 1.7943339 1.8010214 1.8445437 1.8573860 1.7570502 1.7719643 1.9208099 2.0216815 1.8542210 1.9031785 1.8012415 2.0662141 1.7674506 1.9022265 1.8855702 1.9724581 1.9197319 1.9033644 1.9429606 1.8732064 1.8198524 2.0131409 2.1464953 2.0258092 2.0958195 1.6043802 1.4878152 1.7071781 1.5536639 1.7142124 1.5405618 1.5025900 1.4799776 1.7367184 1.5605477 1.7707983 1.8566342 1.7834988 1.8549682 1.9197606 1.8285711 1.8634704 1.8999485 1.8615715 1.7640396 2.0415770 1.7136750 1.8182378 1.7813905 1.8100142 1.9002170 1.8089999 1.7739454 1.7111661 1.8818635 3.8067962 4.0227318 3.2121471 3.2356702 3.2286239 2.9589943 1.8834398 1.7999870 2.7714428 1.8367379 1.8056990 1.8009837 1.8649622 1.7633855 1.9544719 1.9547755 1.8969353 1.8963796 1.9485100 1.9511155 1.9226929 1.8249055 2.0329658 2.0620319 1.9423644 1.9107029 1.9468760 1.8847461 1.8719152 1.7400584 
pl.Sol.tub_1-1807 2.0888818 1.9480388 1.8384020 1.8212786 0.0936358 0.0362859 0.0431137 0.0417152 0.0438622 0.0142717 0.0000000 0.0720427 0.0835608 0.0845351 0.2754008 0.5389681 0.1968539 0.2562902 0.3390987 0.4297161 0.2238947 0.2795678 0.3443992 0.8547937 0.4538549 0.3457574 0.3249279 0.3334741 0.3332618 0.3401322 0.3309164 0.3098853 0.5960478 0.3185519 0.2550413 0.2682335 0.2561585 0.2885141 0.2682569 0.2770782 0.2491234 0.2644228 0.2661271 0.2572555 2.2634926 2.0529533 2.0962395 1.8518390 2.3634861 1.8788713 1.7514906 1.7648992 1.8319515 2.0479568 1.9652035 1.6437163 1.7141109 1.8057999 1.9168597 1.8353246 1.9102053 1.8227918 1.8295062 1.8848819 1.8857015 1.7774780 1.8004340 1.9693671 2.0659909 1.9056925 1.9362334 1.8392869 2.1214061 1.8060355 1.9503103 1.9332208 2.0020845 1.9535752 1.9425840 1.9665796 1.8941727 1.8910227 2.0445064 2.1555430 2.0426971 2.1091780 1.6111036 1.5275913 1.7514420 1.5874123 1.7362707 1.5981305 1.5345420 1.4976722 1.7457626 1.5884555 1.7876357 1.8801085 1.8142915 1.8897384 1.9501277 1.8576398 1.8919763 1.9354160 1.8777361 1.7876926 2.0704432 1.7306019 1.8312861 1.8047551 1.8362549 1.9120281 1.8337912 1.7990629 1.7530090 1.8905885 3.9251576 4.1787932 3.3084117 3.3351963 3.2712170 3.0331674 1.9114999 1.8274916 2.8239848 1.8828419 1.8203861 1.8168895 1.9332269 1.7795894 1.9830602 1.9831708 1.9313813 1.9299633 1.9827344 1.9676161 1.9814876 1.8711245 2.0706672 2.1015283 1.9792957 1.9455741 1.9816692 1.9287741 1.9327045 1.8014078 
pl.Gin.bil_1-1811 1.9850536 1.9113917 1.7626906 1.7767850 0.0820877 0.0636687 0.0717627 0.0686946 0.0668682 0.0637255 0.0720427 0.0000000 0.0435117 0.0422621 0.2610384 0.5635185 0.1614435 0.2463927 0.3046253 0.4064039 0.1946685 0.2598044 0.3348669 0.8398958 0.4382989 0.3103576 0.2903988 0.3052833 0.2994251 0.3094417 0.2975797 0.2799814 0.5532873 0.2890389 0.2233486 0.2395684 0.2298585 0.2597994 0.2384246 0.2451474 0.2290854 0.2318594 0.2343883 0.2366635 2.1546595 1.9648575 2.0841785 1.8741961 2.2787017 1.7792516 1.7115779 1.7072164 1.7411717 1.9946285 1.8315687 1.6877442 1.6712415 1.7552726 1.8857405 1.8305819 1.8885731 1.7731515 1.8004545 1.8337165 1.8721931 1.6967002 1.7458944 1.9891392 1.9673130 1.7639375 1.9050677 1.7842055 1.9870347 1.7912208 1.9618847 1.9110178 1.9344130 1.8677164 1.8676596 2.0047161 1.8775772 1.8475898 1.9224850 2.0578398 2.0290552 1.9810776 1.6747312 1.6028868 1.8789099 1.6789105 1.8935823 1.6021615 1.5986656 1.5084120 1.6727445 1.6084868 1.7466510 1.7534255 1.7900646 1.8186624 1.8494587 1.8292623 1.8712357 1.8789569 1.8555635 1.7348566 1.9952584 1.7080734 1.8192912 1.7383583 1.7987052 1.8419290 1.8441459 1.8015738 1.7855945 1.8646495 3.9544942 4.4471282 3.6797163 3.4909447 3.6612090 3.2073710 1.9540229 1.8659426 2.9729811 1.7839389 1.8215071 1.9087422 1.8496818 1.7709793 1.9328578 1.9196191 1.8578834 1.8490125 1.9677611 1.9700027 2.0103731 1.8388901 2.1382982 2.0686463 1.9118457 1.8778587 1.9074390 1.8207850 1.8597004 1.7350696 
pl.Pin.luc_1-1810 1.9607054 1.9297824 1.7444053 1.7578077 0.1031807 0.0829075 0.0869197 0.0853701 0.0807219 0.0779776 0.0835608 0.0435117 0.0000000 0.0129395 0.2676523 0.5522497 0.1804992 0.2417808 0.3004486 0.4229544 0.2018200 0.2616044 0.3400695 0.8239911 0.4343089 0.3190529 0.3026140 0.3201831 0.3196288 0.3244774 0.3158005 0.2901120 0.5525764 0.2976216 0.2248655 0.2525531 0.2379019 0.2530793 0.2467251 0.2512189 0.2356571 0.2332279 0.2430402 0.2393843 2.1471207 1.9729224 2.0410919 1.8198821 2.2185887 1.8080156 1.7242544 1.7131989 1.7930601 1.9491769 1.8279634 1.7375173 1.6736065 1.7678431 1.8912089 1.8286317 1.8947893 1.8005689 1.8128265 1.8218924 1.8358241 1.6491770 1.7576557 2.0023223 1.9885512 1.7805907 1.9199579 1.7781844 2.0455438 1.8061242 1.9694039 1.9583024 1.9356998 1.8540832 1.8539365 1.9938108 1.8691958 1.8503345 1.9313797 2.0178246 2.0171303 1.9941157 1.6652687 1.5524213 1.8839625 1.6775704 1.8716703 1.5907198 1.6209314 1.4999150 1.6704081 1.6220792 1.7052894 1.7317400 1.7986725 1.7963659 1.8260469 1.8041593 1.8276255 1.8588929 1.8520141 1.7492963 1.9765104 1.6828663 1.7418280 1.7306316 1.7979671 1.7977450 1.8603064 1.8172598 1.7753755 1.8287979 4.1539387 4.5325267 3.7151581 3.5221550 3.7285365 3.1026142 1.9327297 1.8814847 2.9048330 1.7569772 1.7864189 1.8825299 1.8388314 1.7728539 1.9059475 1.9142938 1.8300689 1.8688482 1.9372369 2.0124393 1.9903821 1.8463552 2.0720605 2.0321049 1.9371658 1.8489426 1.9010082 1.8081789 1.8496833 1.7423475 
pl.Tai.cry_1-1811 1.9173041 1.8953259 1.7137190 1.7268530 0.0999543 0.0808473 0.0870171 0.0831513 0.0827002 0.0789260 0.0845351 0.0422621 0.0129395 0.0000000 0.2679618 0.5681421 0.1758712 0.2445533 0.3037052 0.4223352 0.2009406 0.2654023 0.3446711 0.8307478 0.4306864 0.3293312 0.3042353 0.3228981 0.3190401 0.3272197 0.3066350 0.2867549 0.5507207 0.2988824 0.2282979 0.2529565 0.2382643 0.2573515 0.2556550 0.2582518 0.2372484 0.2357012 0.2446507 0.2443491 2.1267790 1.9769085 2.0317727 1.8239949 2.1882873 1.7967855 1.7025622 1.6900239 1.7688274 1.9103067 1.8321715 1.6832924 1.6507234 1.7495607 1.8790248 1.8089132 1.8825425 1.7817948 1.8012655 1.8135558 1.8404027 1.6521906 1.7335047 1.9890692 1.9878682 1.7709068 1.9233473 1.7565060 2.0229539 1.8069892 1.9564091 1.9223801 1.9162391 1.8053322 1.8213013 1.9624425 1.8709046 1.8382170 1.9386322 1.9875862 1.9875606 1.9652028 1.6670416 1.5471657 1.8921389 1.7133025 1.8962893 1.5960851 1.6046465 1.4928914 1.6811387 1.6054728 1.6862966 1.7317400 1.7716592 1.7642635 1.8134670 1.7719479 1.7948516 1.8169044 1.8188668 1.7103747 1.9486021 1.6647975 1.7425803 1.7237222 1.7516703 1.8201362 1.8197033 1.7778084 1.7542559 1.8143481 4.1131986 4.4667578 3.6621262 3.4723209 3.6756356 3.1046920 1.9171662 1.8506174 2.8873816 1.7535884 1.7548232 1.8456948 1.7905379 1.7265766 1.9096774 1.9029159 1.8335525 1.8724782 1.9342633 1.9666567 1.9525689 1.8047728 2.0584707 2.0348869 1.9105644 1.8423263 1.8737290 1.7978693 1.8093287 1.7164612 
pr.Sar.neu_1-1806 2.0204371 1.8957342 1.7691111 1.7819106 0.2867650 0.2605760 0.2596079 0.2627558 0.2617959 0.2643714 0.2754008 0.2610384 0.2676523 0.2679618 0.0000000 0.4463064 0.2473981 0.2657752 0.2847254 0.3614542 0.2645824 0.3096167 0.3323486 0.8322819 0.4835049 0.4009028 0.3786386 0.3928473 0.3935641 0.3944664 0.4202095 0.3787719 0.5484566 0.3769212 0.2600526 0.2962243 0.2746888 0.2906303 0.2742013 0.2760243 0.2904933 0.2808061 0.2911723 0.2886884 2.0612293 1.7925017 1.9412668 1.7696508 2.0357175 1.8857316 1.8649843 1.7827841 1.8191411 2.0174583 2.0133691 1.5339489 1.6050484 1.7887057 1.9525320 1.8519384 1.9198412 1.8433838 1.8416871 1.8581354 1.8138718 1.6983220 1.6559472 1.9594939 2.0119609 1.9343653 1.9488747 1.8481252 2.1266963 1.7627061 1.9499392 1.9342133 1.8387088 1.9794244 1.9251336 2.0080889 1.9344091 1.7983836 2.0052027 2.1686889 1.9761818 2.1061358 1.6884135 1.5733328 1.7849354 1.5878294 1.7088961 1.5104897 1.5471408 1.5915199 1.8758742 1.6592616 1.7481248 1.8033261 1.8063359 1.8589152 1.8778069 1.8058418 1.9207588 1.9568588 1.8176689 1.7562907 2.0222813 1.8490974 1.8827775 1.9131892 1.9888156 1.9538812 1.8333688 1.8402541 1.7351429 1.9459707 3.6198697 4.4858252 3.2636001 3.4674296 3.2502004 2.7387294 2.0338816 1.9486000 2.6725054 1.9554522 2.0756544 1.9297575 1.9447021 1.9152099 1.8898133 1.9072040 1.8371534 1.9352961 1.8373426 2.0526140 2.1238962 1.9625893 2.0588247 2.1487256 2.0910483 1.9827844 2.0500040 1.9307752 2.0220015 1.8075046 
pr.Pla.mal_1-2147 2.2661017 1.9588858 1.9231751 1.9559247 0.5369580 0.5350408 0.5245383 0.5213837 0.5329380 0.5318092 0.5389681 0.5635185 0.5522497 0.5681421 0.4463064 0.0000000 0.5173050 0.4565746 0.4698968 0.5284223 0.4649477 0.5400578 0.5381150 1.1212329 0.6530965 0.6537853 0.6530533 0.6895335 0.6887537 0.6853628 0.6892761 0.6690557 0.7640774 0.6037142 0.4668999 0.5197353 0.4928542 0.5132050 0.4683443 0.4734377 0.5045811 0.4658445 0.5133987 0.4463307 2.3736076 2.0407600 2.1658138 1.9887492 2.4303221 2.0772561 2.0312482 2.1025046 2.0370984 2.4466033 2.2541525 1.9032467 1.8465513 2.0869039 2.2904448 2.2099519 2.2046017 2.1219604 2.1581982 1.9289058 1.8395354 1.7960784 1.7818296 2.1192860 2.2533584 2.0863859 2.1072358 1.9386711 2.3123379 2.0529057 2.1175663 2.1433578 2.1180482 2.1538551 2.2493338 1.9848838 2.0032937 1.9488904 2.2425035 2.4756189 2.4319839 2.5258784 1.7796340 1.7782576 2.1706996 2.0468003 2.0973487 1.7478135 1.7712615 1.8834517 2.2326306 2.0408317 1.9370894 2.1514671 2.0415502 2.1897517 2.1307633 2.1616178 2.1409183 2.1464086 2.1030156 2.0154916 2.1701988 1.9536432 2.0957061 2.0427652 2.0782394 2.1195909 1.9511763 1.9959802 1.8816200 2.1479963 3.3648192 4.8893144 3.6249525 3.4941074 3.5779648 2.4179485 2.4304022 2.0161184 2.4589452 2.1135284 2.2744681 2.1327841 2.0460580 1.9684993 2.2600331 2.2672719 2.2434691 2.2535425 2.2801266 2.1389134 2.3706646 1.9907117 2.1001384 2.1287168 2.1217291 1.9695400 2.0282243 2.3150605 2.0845744 1.9642055 
pr.Sti.hel_1-1795 1.9427817 1.8799987 1.7061704 1.7293376 0.1845676 0.1826016 0.1868220 0.1832012 0.1739287 0.1864494 0.1968539 0.1614435 0.1804992 0.1758712 0.2473981 0.5173050 0.0000000 0.2500449 0.3241184 0.4230590 0.2327964 0.3110693 0.3702537 0.8220310 0.4887248 0.3589382 0.3480522 0.3549348 0.3519945 0.3549938 0.3572949 0.3214339 0.5612393 0.3388466 0.2481457 0.2621386 0.2476201 0.2694363 0.2641685 0.2800430 0.2540964 0.2638163 0.2576740 0.2477481 2.1245751 1.9601416 2.0101533 1.8052450 2.1388904 1.8415463 1.7794587 1.6588363 1.7276162 1.9158732 1.9261884 1.6571601 1.6249758 1.7235033 1.8748894 1.7759781 1.8185198 1.7459481 1.7649185 1.8587948 1.8525924 1.6800892 1.7418406 1.9369175 1.9665085 1.7555213 1.8456395 1.7122183 1.9981719 1.7653147 1.9396414 1.8625891 1.8332924 1.7790841 1.7596365 2.0055176 1.8666045 1.8522875 1.8331101 2.0469543 1.9339553 1.9578416 1.6514365 1.5517647 1.8301797 1.6906847 1.8680440 1.5518404 1.5424133 1.5353637 1.6958121 1.5859544 1.8030875 1.8502226 1.8022950 1.8435673 1.8472741 1.7814615 1.7634279 1.8457228 1.7869611 1.7426228 1.9753186 1.7429303 1.7766672 1.7334166 1.8137403 1.8584272 1.8116177 1.7490516 1.7885385 1.8757586 4.2147035 4.2928634 3.5199221 3.5793680 3.3492474 3.1994898 2.0242044 1.9161380 2.7729224 1.7907851 1.8266076 1.8107894 1.8583240 1.7209988 1.8992353 1.9586906 1.8999886 1.8607191 1.9184683 1.9443936 2.0025449 1.7620312 2.0231950 2.0656561 1.9311359 1.8956529 1.9551973 1.7582462 1.7890411 1.7434598 
pr.Mal.mat_1-1811 1.7236671 1.6808387 1.5571884 1.5357509 0.2642273 0.2366457 0.2509535 0.2398198 0.2372509 0.2441775 0.2562902 0.2463927 0.2417808 0.2445533 0.2657752 0.4565746 0.2500449 0.0000000 0.2607603 0.3666572 0.2290282 0.2869769 0.2736519 0.7477355 0.4255401 0.3957713 0.3734250 0.4022081 0.3980303 0.4006828 0.3802673 0.3551365 0.5606331 0.3324730 0.2478560 0.2675546 0.2554242 0.2584634 0.2619068 0.2684646 0.2452930 0.2433626 0.2556713 0.2522927 2.0465717 1.8229453 1.8964419 1.7200743 1.9894784 1.7056245 1.6041379 1.5969130 1.5899912 1.8465022 1.7880730 1.5136364 1.5831881 1.6169103 1.6877108 1.6209196 1.6494350 1.6184669 1.6193379 1.5944157 1.5844808 1.4742919 1.4727209 1.7283458 1.7188667 1.7512404 1.6313335 1.5380355 1.8534927 1.6312231 1.7218611 1.7675819 1.7503173 1.7227176 1.6781971 1.6990510 1.7633466 1.6175793 1.7438366 1.9784035 1.8037920 1.8681409 1.5568037 1.3737404 1.7448252 1.5942622 1.6985465 1.4424941 1.4546757 1.5463514 1.7493139 1.6172978 1.5848660 1.6120764 1.6438569 1.7385379 1.7994128 1.6430474 1.7678185 1.8713737 1.5877641 1.6228343 1.7297672 1.5034857 1.6329683 1.5732543 1.7301619 1.6382761 1.5267274 1.5164310 1.5698727 1.6723110 3.8257307 4.3808033 3.2551202 3.1176891 3.1730610 2.4229937 1.7091590 1.6288686 2.4512065 1.5726054 1.6842035 1.6508274 1.7627058 1.6094775 1.7707980 1.7663946 1.7581037 1.7419504 1.7613872 1.7710326 1.8118820 1.6021383 1.8778992 1.8711561 1.7756541 1.7130532 1.7660569 1.6373703 1.6831343 1.5654131 
pr.Cyc.gla_1-1763 2.0075876 1.9059526 1.8397313 1.8091719 0.3265405 0.3176969 0.3133580 0.3171781 0.3165454 0.3155709 0.3390987 0.3046253 0.3004486 0.3037052 0.2847254 0.4698968 0.3241184 0.2607603 0.0000000 0.2505722 0.2691564 0.3041992 0.3379560 0.8163877 0.4435720 0.4595796 0.4231685 0.4459772 0.4445371 0.4456339 0.4332653 0.4159225 0.6020438 0.4076945 0.2825848 0.2959305 0.2838658 0.2836220 0.2826968 0.2869070 0.2858080 0.2794872 0.2830695 0.2740715 2.0929350 1.8933586 1.8965708 1.8741658 2.0292709 1.7671021 1.7742106 1.8010578 1.8024729 1.9782373 1.9875857 1.6511100 1.6332790 1.8752071 2.0353614 1.9131139 1.9759662 1.9373103 1.8549470 1.9217324 1.8171663 1.7118237 1.7153979 1.9502208 1.9438975 1.8861780 1.8319120 1.7753298 2.0374651 1.6949528 1.9244526 1.8839708 1.8712903 1.9128420 1.8924354 1.8580536 1.9476844 1.8225857 1.9407995 2.0719921 2.0264653 2.0538101 1.7504611 1.6421212 2.0190153 1.7984970 1.9630470 1.6917350 1.6599661 1.7552409 1.8940594 1.7833763 1.6629778 1.8522729 1.8167848 1.8201199 1.8770520 1.7890337 1.8366519 1.9551492 1.8202660 1.7435229 1.9054942 1.7813989 1.8288061 1.8230414 1.8555026 1.8732157 1.7330340 1.6837983 1.7065964 1.8344555 3.5128790 4.1691265 3.4875824 3.3013196 3.4522050 2.6413641 1.8494241 1.7538797 2.6313570 1.6741264 1.9102421 1.8214198 1.9209300 1.7609397 1.9560523 1.8703768 1.8707891 2.0031876 1.8659978 1.9315048 1.8850953 1.8719481 1.9668099 2.0171294 1.9725381 1.8988262 1.9611904 1.9331229 1.9326116 1.7299319 
pr.Tet.bor_1-1752 2.0132592 1.8368852 1.8109417 1.7578249 0.4182201 0.4126101 0.4036245 0.4016107 0.3952443 0.4059403 0.4297161 0.4064039 0.4229544 0.4223352 0.3614542 0.5284223 0.4230590 0.3666572 0.2505722 0.0000000 0.3721854 0.4200818 0.4308405 0.9474713 0.5308262 0.5017949 0.4684850 0.5041377 0.4988516 0.5045324 0.4901465 0.4865647 0.6607910 0.4665979 0.3508477 0.3603092 0.3605976 0.3669419 0.3473368 0.3476512 0.3670603 0.3712367 0.3621477 0.3663356 2.0714024 1.8668048 1.8325108 1.8062183 2.0599770 1.7023843 1.7454478 1.7358298 1.7304773 2.1577930 2.0773945 1.5656729 1.6807585 1.9540458 2.0935124 1.9816626 1.9802702 1.9793611 1.8901853 1.9009841 1.8761341 1.7601448 1.6755381 2.0107366 2.1058364 1.9626851 1.9963835 1.9714155 2.1829568 1.7872212 1.9739916 1.8691322 1.9564653 2.0524177 2.0163887 1.8133412 2.0890635 1.8405022 2.1120646 2.0497315 2.1143964 2.1145372 1.7264772 1.6382952 1.8414838 1.6249853 1.8646886 1.6326099 1.6015352 1.8123266 1.9816008 1.7935382 1.6568659 1.9970669 1.8090646 1.8726245 1.9105367 1.9133622 1.9162772 1.9643756 1.7672035 1.7819277 1.9008875 1.8641407 2.0062924 2.0159240 1.9256345 2.0374473 1.7964350 1.7764849 1.8125781 2.0462201 3.7490270 4.4214229 3.4965644 3.5404438 3.5714006 2.6164023 1.9026455 1.8442092 2.4286712 1.8998320 2.0121874 1.7744620 1.9270387 1.8631456 2.0651022 1.9608808 2.0324097 2.0870730 1.9228282 2.0788019 2.0903955 2.0136437 1.8896470 2.1713565 2.0879866 2.0228995 1.9605816 2.1568483 2.0761004 1.6665456 
pr.Rho.sal_1-1762 1.9834501 1.8467516 1.7257965 1.7382236 0.2257257 0.2133673 0.2170510 0.2115761 0.2103109 0.2097218 0.2238947 0.1946685 0.2018200 0.2009406 0.2645824 0.4649477 0.2327964 0.2290282 0.2691564 0.3721854 0.0000000 0.2690280 0.2812006 0.8270810 0.4048697 0.3517299 0.3222240 0.3341192 0.3340511 0.3337188 0.3507466 0.3254488 0.5405519 0.3188114 0.2378125 0.2510805 0.2416477 0.2682359 0.2431991 0.2483578 0.2262372 0.2346539 0.2380478 0.2147906 2.0969507 1.8939351 1.9558675 1.7968313 2.1767760 1.8055090 1.7285100 1.7246060 1.7442863 1.9327756 2.0199206 1.5367478 1.6261927 1.7574401 1.8546942 1.7786401 1.8534142 1.7631822 1.7842038 1.8024475 1.8098547 1.6251412 1.5885076 1.8743743 1.9482615 1.9008424 1.8669063 1.7799799 2.0064375 1.8237248 1.8418089 1.8754743 1.9804835 1.8221922 1.7896863 1.9263016 1.9737198 1.8180582 2.0136167 2.1037455 1.8851742 1.9487925 1.6122519 1.5145208 1.7983564 1.6343538 1.8214715 1.5433289 1.4830656 1.6504913 1.7948110 1.5854491 1.7378939 1.7646874 1.7624672 1.8729081 1.8444990 1.7654660 1.8861398 1.9324678 1.7309651 1.7117292 1.9722627 1.7128249 1.7806994 1.8256169 1.8527299 1.9272757 1.6928782 1.6930560 1.6352065 1.8730213 3.7888945 4.4707934 3.3709490 3.5742316 3.6374159 2.7782390 1.9142860 1.8024981 2.4120212 1.8771455 1.9387019 1.7995266 1.9307357 1.7589103 1.9844601 2.0108865 1.9482059 1.9371877 1.9185462 1.9803547 2.0396045 1.7688716 1.9911057 1.9763529 1.9168915 1.8858059 1.9386770 1.8783971 1.9705451 1.7271662 
pr.Por.aca_1-1844 1.8798523 1.7163738 1.7127523 1.6470267 0.2798863 0.2703024 0.2697758 0.2695918 0.2597097 0.2666792 0.2795678 0.2598044 0.2616044 0.2654023 0.3096167 0.5400578 0.3110693 0.2869769 0.3041992 0.4200818 0.2690280 0.0000000 0.3402934 0.8127671 0.4592625 0.3832387 0.3685522 0.3727131 0.3703645 0.3740210 0.3808186 0.3636428 0.5859046 0.3774322 0.2878448 0.2958312 0.2825448 0.3051300 0.2898629 0.2964390 0.2994727 0.2797219 0.3080041 0.2913085 2.0649123 1.8794312 1.8919267 1.7724744 2.0322424 1.7342471 1.7345557 1.6229412 1.7342964 1.8885283 1.7786283 1.5976078 1.5818519 1.6874551 1.8240260 1.7012784 1.8064024 1.7254063 1.7488496 1.7124929 1.6554727 1.6033194 1.5815921 1.8725215 1.9119483 1.8197421 1.8225808 1.7729084 1.9510590 1.7704115 1.8186946 1.8933161 1.8278454 1.7880706 1.7814688 1.8554669 1.8246795 1.6765313 1.8602179 1.9196114 1.8535311 1.8636252 1.6423654 1.4810267 1.7571387 1.5578044 1.7213813 1.4691177 1.5098672 1.5459332 1.6627799 1.5499040 1.7791084 1.6936095 1.7141630 1.8044995 1.7923847 1.7442494 1.8035595 1.8474399 1.6866462 1.6660105 1.8927910 1.6349114 1.7400060 1.6659981 1.7593190 1.7540954 1.7404335 1.7047305 1.6624225 1.7384174 3.8178561 4.6677294 3.3272191 3.3435878 3.5007811 3.1116276 1.8547756 1.7932348 2.7100083 1.8004592 1.7807191 1.7883658 1.7969706 1.7326249 1.7850446 1.8281752 1.7470236 1.8063453 1.8211918 1.8834874 1.8415637 1.8196732 1.9574980 1.9567287 1.9207200 1.7868172 1.8759211 1.6790363 1.7888507 1.6302817 
pr.Bla.hom_1-1770 1.8338563 1.7529621 1.6396424 1.5910595 0.3364456 0.3300482 0.3287066 0.3351026 0.3267532 0.3326972 0.3443992 0.3348669 0.3400695 0.3446711 0.3323486 0.5381150 0.3702537 0.2736519 0.3379560 0.4308405 0.2812006 0.3402934 0.0000000 0.9513321 0.5108048 0.4480374 0.4219115 0.4429937 0.4417391 0.4474173 0.4849059 0.4557549 0.6844726 0.4141793 0.3314944 0.3791807 0.3632448 0.3868309 0.3534131 0.3571222 0.3381808 0.3415476 0.3549910 0.3578817 1.8981876 1.7420225 1.6715509 1.6098052 1.9357166 1.7921279 1.7223405 1.6077186 1.6049567 1.7912015 1.9809084 1.4821427 1.5307223 1.5941894 1.7354369 1.6179088 1.7210721 1.6264464 1.6529086 1.6208955 1.7058659 1.5638432 1.5008591 1.7055480 1.6953879 1.5902123 1.7242887 1.5383813 1.8116253 1.6347441 1.6845081 1.6606427 1.6514012 1.7801935 1.7837242 1.7422013 1.8181235 1.7004868 1.8942749 1.9488801 1.7831779 1.8409145 1.6778194 1.5990428 1.7939530 1.6214957 1.8333536 1.5249425 1.5803357 1.6408824 1.7637012 1.6624513 1.5328372 1.6350645 1.5721074 1.6363039 1.6121075 1.6020824 1.6523241 1.6622491 1.5879081 1.5419217 1.7744898 1.5812351 1.6155005 1.6949194 1.8227612 1.7672181 1.7072107 1.6832344 1.5641545 1.6667816 3.8857155 4.1646510 2.8942903 3.0756168 3.1533272 2.7647203 1.7927210 1.6997438 2.5471607 1.7105769 1.7648561 1.7128642 1.7506722 1.6588579 1.7710988 1.7920600 1.7420744 1.7618879 1.7042316 1.7423979 1.6845307 1.6319572 1.8563515 1.8491983 1.8336895 1.6893634 1.7635543 1.7098823 1.5929263 1.6761297 
pr.Try.equ_1-2251 2.1182311 1.8173740 1.8395629 1.9769996 0.8183512 0.8332596 0.8365271 0.8281189 0.8319006 0.8328686 0.8547937 0.8398958 0.8239911 0.8307478 0.8322819 1.1212329 0.8220310 0.7477355 0.8163877 0.9474713 0.8270810 0.8127671 0.9513321 0.0000000 1.0086233 0.8773251 0.8758423 0.8925966 0.8969383 0.9029566 0.9261407 0.9019947 0.9504829 0.9070266 0.7630443 0.8053580 0.7721452 0.7713096 0.8207857 0.8491115 0.8187899 0.7845506 0.7871551 0.8133033 2.4444844 2.0192203 2.1078176 1.9924591 2.1662270 1.8333962 1.9221103 1.8800217 2.0955601 2.1183556 2.1341924 1.7369007 2.0561852 1.8501407 1.9455906 1.8368669 1.9385718 1.8383128 1.8650946 1.9853670 1.9232719 1.7954616 1.7901735 2.0755012 2.1637953 2.1149414 2.0564865 1.9610530 2.1945095 1.9022500 2.0247783 2.1093150 1.9311376 2.0202035 2.0046802 2.0488155 2.0408529 1.9706985 2.1017815 2.0038631 1.9130816 2.0273353 1.7170807 1.7606713 2.1040127 2.1197010 2.1336500 1.7280331 1.8575778 2.0269881 1.9703873 1.8499243 2.0517242 1.9279253 1.9940346 2.0745322 2.0757003 1.9256298 1.9197890 2.0464849 1.9317142 1.8525124 2.0614739 2.0328071 2.0700151 1.9997073 2.0359774 2.0662095 2.0162343 2.0149301 1.9751284 2.1533376 4.6094263 4.7205732 4.6242312 4.3916087 4.9135927 3.6690821 2.1469542 2.0874773 3.2908797 1.9313229 1.9476947 1.9075177 1.9316602 1.9810663 1.9878165 1.8589341 1.9407047 2.1338261 2.0706765 2.0503073 1.9974193 2.1621542 1.8776641 2.0333166 1.9480893 1.9390990 2.1301771 2.0342470 2.1455868 1.7919031 
an.Dro.mel_1-1995 2.3343435 1.9232953 1.8822703 1.9011498 0.4516982 0.4311680 0.4302838 0.4305328 0.4363524 0.4316605 0.4538549 0.4382989 0.4343089 0.4306864 0.4835049 0.6530965 0.4887248 0.4255401 0.4435720 0.5308262 0.4048697 0.4592625 0.5108048 1.0086233 0.0000000 0.3368040 0.3192255 0.3462298 0.3441460 0.3425753 0.3297933 0.3335337 0.5394247 0.3008362 0.3823524 0.4342858 0.4073844 0.4002694 0.3852512 0.3845508 0.3694889 0.3575577 0.3711625 0.3728016 2.2614492 2.0051464 2.0527751 1.9022567 2.1917423 1.8955372 1.9171570 1.9239332 1.7926789 2.1466721 2.0335261 1.6786414 1.6640068 1.9245631 1.9710400 1.9238867 1.9494108 1.8641118 1.9417985 1.9817229 1.8139925 1.7576807 1.8225558 2.0428687 2.2103776 1.9456025 2.0086840 1.8041805 2.2597801 1.8427851 1.9585343 2.0600667 1.9951539 1.9494945 1.9423611 2.0853424 2.0120373 1.9413556 2.1378702 2.0223396 2.0748722 2.1920479 1.6389514 1.5401234 1.7632994 1.6049792 1.6509817 1.5506323 1.5883109 1.5654038 1.9605045 1.7509435 1.9000828 1.9159356 1.9551544 2.1073412 1.9494349 1.9039421 2.0245131 2.0550006 1.9538938 1.7857809 2.0572907 1.7943672 1.8014331 1.9025570 1.8140123 1.8878287 1.8884832 1.8840906 1.8993031 1.8309671 3.4255943 4.1999613 3.4083252 3.6871899 3.3553440 2.5852957 2.0669713 1.9608240 2.7226449 1.9033530 1.8696771 1.7851397 1.9065339 1.7622179 1.9898471 1.9876168 2.0281562 2.1410438 2.0472739 1.9305433 2.1437824 1.9322461 1.9449182 1.9994504 1.9596007 1.9304859 2.0364940 1.8133534 2.0539569 1.7784074 
an.Lam.aep_1-1824 2.1809462 2.0602950 1.9325805 1.9305196 0.3213788 0.3330264 0.3361936 0.3350649 0.3255885 0.3240214 0.3457574 0.3103576 0.3190529 0.3293312 0.4009028 0.6537853 0.3589382 0.3957713 0.4595796 0.5017949 0.3517299 0.3832387 0.4480374 0.8773251 0.3368040 0.0000000 0.0940540 0.0982223 0.0991487 0.0998801 0.1912701 0.1915227 0.4822243 0.2238994 0.3139684 0.3443424 0.3320449 0.3252234 0.3278606 0.3432752 0.2996226 0.2969881 0.3115408 0.3259169 1.9858415 1.9414716 2.2004810 1.9291569 2.1833826 1.8447447 1.9512369 1.7449844 1.8005224 2.0142117 1.8121417 1.5950167 1.5950507 1.9153593 2.0059528 1.9279467 1.9450473 1.8922906 1.9331139 1.9812854 1.9726334 1.8538215 1.8726374 2.0390136 2.0757139 1.9151847 2.0222809 1.9045757 2.1257620 1.8379283 2.0210338 1.9039397 1.9366594 1.9361926 1.9410028 2.0905336 1.9121233 1.7428557 1.8855790 2.0525713 2.0399895 2.0553592 1.7253102 1.5170384 1.8043534 1.6923069 1.8786399 1.5429566 1.5731482 1.5686850 1.7551358 1.6480989 1.8063126 1.8319101 1.9167091 1.8732620 1.9167728 1.8657928 1.9421119 1.9519089 1.9147278 1.8185732 2.2412187 1.7683769 1.8669270 1.9258886 1.8904259 1.9570752 1.9637245 1.9420376 1.8436118 2.0259497 4.4571530 5.3676607 3.6536787 3.7838926 3.9064758 3.4488142 2.1136269 1.9961516 3.5443964 1.9198577 1.9567782 1.9448344 2.0648718 1.9191479 1.9588320 1.9490593 1.9158998 2.0467027 2.0200113 2.0030896 2.0200504 1.9078294 2.1552225 2.0904958 2.1003901 2.0059182 2.0673439 1.7886577 1.9933285 1.8064104 
an.Xen.lae_1-1825 2.1685185 1.9563648 1.8667765 1.8465821 0.3075881 0.3175013 0.3087347 0.3168551 0.3238664 0.3018690 0.3249279 0.2903988 0.3026140 0.3042353 0.3786386 0.6530533 0.3480522 0.3734250 0.4231685 0.4684850 0.3222240 0.3685522 0.4219115 0.8758423 0.3192255 0.0940540 0.0000000 0.0543997 0.0538162 0.0551079 0.1978312 0.1987434 0.4604827 0.2211165 0.3056009 0.3231191 0.3094008 0.3296496 0.3045511 0.3171113 0.2935072 0.2897472 0.2949529 0.3177976 2.0254222 1.9619151 2.0454973 1.8607932 2.1861134 1.9050878 1.9262955 1.8396470 1.8924625 1.9583002 1.7755224 1.4982624 1.6164596 1.8282874 1.9300516 1.8239065 1.8609691 1.8142157 1.8590653 1.8425280 1.8228105 1.7395591 1.8264280 1.9458988 2.0840980 1.9213317 2.0325340 1.8655183 2.1798691 1.7356486 1.9164574 1.9482190 1.9468742 1.8537949 1.8660628 2.0515063 1.9603026 1.7836021 1.8835709 2.1160995 2.0240030 2.0695855 1.6227685 1.4414482 1.7864883 1.6162731 1.8091950 1.4159999 1.4529599 1.5652082 1.7264403 1.5622648 1.8078389 1.7966841 1.8517987 1.9270172 1.9241250 1.8308967 1.8999482 1.9353077 1.8946570 1.7537324 2.1624372 1.7543165 1.7450987 1.9144896 1.8366692 1.9330356 1.8470165 1.8636885 1.7163598 1.9674881 4.1896429 5.1216596 3.6160104 3.6809391 3.7292261 3.2166272 1.9398311 1.8864577 3.1790415 1.9179788 1.8807976 1.7857915 2.0600408 1.8425986 1.9233478 1.9968551 1.8934764 2.0035571 1.9263465 1.9827014 2.0268384 1.8253423 2.0377258 2.0247198 2.0513942 2.0015104 2.0134087 1.8278480 1.9875021 1.6576053 
